<Qucs Dataset 0.0.19>
<indep VCE 101>
  +0.00000000000000000000e+00
  +1.00000000000000005551e-01
  +2.00000000000000011102e-01
  +3.00000000000000044409e-01
  +4.00000000000000022204e-01
  +5.00000000000000000000e-01
  +6.00000000000000088818e-01
  +7.00000000000000066613e-01
  +8.00000000000000044409e-01
  +9.00000000000000022204e-01
  +1.00000000000000000000e+00
  +1.10000000000000008882e+00
  +1.20000000000000017764e+00
  +1.30000000000000004441e+00
  +1.40000000000000013323e+00
  +1.50000000000000000000e+00
  +1.60000000000000008882e+00
  +1.70000000000000017764e+00
  +1.80000000000000004441e+00
  +1.90000000000000013323e+00
  +2.00000000000000000000e+00
  +2.10000000000000008882e+00
  +2.20000000000000017764e+00
  +2.30000000000000026645e+00
  +2.40000000000000035527e+00
  +2.50000000000000000000e+00
  +2.60000000000000008882e+00
  +2.70000000000000017764e+00
  +2.80000000000000026645e+00
  +2.90000000000000035527e+00
  +3.00000000000000000000e+00
  +3.10000000000000008882e+00
  +3.20000000000000017764e+00
  +3.30000000000000026645e+00
  +3.40000000000000035527e+00
  +3.50000000000000000000e+00
  +3.60000000000000008882e+00
  +3.70000000000000017764e+00
  +3.80000000000000026645e+00
  +3.90000000000000035527e+00
  +4.00000000000000000000e+00
  +4.10000000000000053291e+00
  +4.20000000000000017764e+00
  +4.29999999999999982236e+00
  +4.40000000000000035527e+00
  +4.50000000000000000000e+00
  +4.60000000000000053291e+00
  +4.70000000000000017764e+00
  +4.80000000000000071054e+00
  +4.90000000000000035527e+00
  +5.00000000000000000000e+00
  +5.10000000000000053291e+00
  +5.20000000000000017764e+00
  +5.30000000000000071054e+00
  +5.40000000000000035527e+00
  +5.50000000000000000000e+00
  +5.60000000000000053291e+00
  +5.70000000000000017764e+00
  +5.80000000000000071054e+00
  +5.90000000000000035527e+00
  +6.00000000000000000000e+00
  +6.10000000000000053291e+00
  +6.20000000000000017764e+00
  +6.30000000000000071054e+00
  +6.40000000000000035527e+00
  +6.50000000000000000000e+00
  +6.60000000000000053291e+00
  +6.70000000000000017764e+00
  +6.80000000000000071054e+00
  +6.90000000000000035527e+00
  +7.00000000000000000000e+00
  +7.10000000000000053291e+00
  +7.20000000000000017764e+00
  +7.30000000000000071054e+00
  +7.40000000000000035527e+00
  +7.50000000000000000000e+00
  +7.60000000000000053291e+00
  +7.70000000000000017764e+00
  +7.80000000000000071054e+00
  +7.90000000000000035527e+00
  +8.00000000000000000000e+00
  +8.09999999999999964473e+00
  +8.20000000000000106581e+00
  +8.30000000000000071054e+00
  +8.40000000000000035527e+00
  +8.50000000000000000000e+00
  +8.59999999999999964473e+00
  +8.70000000000000106581e+00
  +8.80000000000000071054e+00
  +8.90000000000000035527e+00
  +9.00000000000000000000e+00
  +9.09999999999999964473e+00
  +9.20000000000000106581e+00
  +9.30000000000000071054e+00
  +9.40000000000000035527e+00
  +9.50000000000000000000e+00
  +9.60000000000000142109e+00
  +9.70000000000000106581e+00
  +9.80000000000000071054e+00
  +9.90000000000000035527e+00
  +1.00000000000000000000e+01
</indep>
<indep IBE 6>
  +4.99999999999999956198e-06
  +1.59999999999999992760e-05
  +2.69999999999999989900e-05
  +3.80000000000000020921e-05
  +4.89999999999999984179e-05
  +5.99999999999999947438e-05
</indep>
<dep V1.I VCE IBE>
  +4.34931185826821175536e-06
  -3.57238342687242796912e-04
  -4.94140099542584904264e-04
  -4.98674297008116834337e-04
  -4.99259835232187393350e-04
  -4.99762022511496197159e-04
  -5.00262465890794708750e-04
  -5.00762872790460754520e-04
  -5.01263278926158267756e-04
  -5.01763685528012733442e-04
  -5.02264091827022644138e-04
  -5.02764498126324638899e-04
  -5.03264904425920235609e-04
  -5.03765310725824396257e-04
  -5.04265717026124073857e-04
  -5.04766123326820027352e-04
  -5.05266529627681321678e-04
  -5.05766935929048396317e-04
  -5.06267342230651393349e-04
  -5.06767748532770795876e-04
  -5.07268154835211230666e-04
  -5.07768561137955242064e-04
  -5.08268967440978435522e-04
  -5.08769373744272354262e-04
  -5.09269780048212132237e-04
  -5.09770186352273666115e-04
  -5.10270592656854099153e-04
  -5.10770998961661130446e-04
  -5.11271405266989879823e-04
  -5.11771811572518772922e-04
  -5.12272217878367505661e-04
  -5.12772624184519706589e-04
  -5.13273030491119357753e-04
  -5.13773436798126994195e-04
  -5.14273843105321004990e-04
  -5.14774249413205869409e-04
  -5.15274655721139089246e-04
  -5.15775062029628504796e-04
  -5.16275468338368587889e-04
  -5.16775874647227065860e-04
  -5.17276280956926993136e-04
  -5.17776687266636569812e-04
  -5.18277093576823520704e-04
  -5.18777499887240214037e-04
  -5.19277906198062615822e-04
  -5.19778312509189678418e-04
  -5.20278718820975719095e-04
  -5.20779125132943363635e-04
  -5.21279531445040787176e-04
  -5.21779937757662964568e-04
  -5.22280344070594247999e-04
  -5.22780750383756466493e-04
  -5.23281156697239608830e-04
  -5.23781563011571464628e-04
  -5.24281969325955470550e-04
  -5.24782375640876264968e-04
  -5.25282781955682459216e-04
  -5.25783188271046258641e-04
  -5.26283594587075541360e-04
  -5.26784000903254335559e-04
  -5.27284407219368186047e-04
  -5.27784813536484598284e-04
  -5.28285219853622694565e-04
  -5.28785626171023384612e-04
  -5.29286032488770694093e-04
  -5.29786438806781247862e-04
  -5.30286845126175785704e-04
  -5.30787251444496529715e-04
  -5.31287657763716836268e-04
  -5.31788064083595470380e-04
  -5.32288470403806737719e-04
  -5.32788876724277888318e-04
  -5.33289283044737654794e-04
  -5.33789689365874939209e-04
  -5.34290095687286743613e-04
  -5.34790502009001907785e-04
  -5.35290908330591955026e-04
  -5.35791314653707041044e-04
  -5.36291720976327514030e-04
  -5.36792127298853227746e-04
  -5.37292533623047420185e-04
  -5.37792939947159646941e-04
  -5.38293346271178740729e-04
  -5.38793752595545104474e-04
  -5.39294158920718006214e-04
  -5.39794565246254440943e-04
  -5.40294971571189468727e-04
  -5.40795377897426514900e-04
  -5.41295784224020155168e-04
  -5.41796190549980621366e-04
  -5.42296596877772630295e-04
  -5.42797003204920514713e-04
  -5.43297409532924485166e-04
  -5.43797815860765500033e-04
  -5.44298222189465094600e-04
  -5.44798628518523126406e-04
  -5.45299034846863416373e-04
  -5.45799441176609808138e-04
  -5.46299847506700867773e-04
  -5.46800253837137896322e-04
  -5.47300660167362746505e-04
  +1.43194687525917634905e-05
  -1.32807099789394172928e-03
  -1.99204466308330451624e-03
  -2.01645801420924017378e-03
  -2.01895729390351311508e-03
  -2.02099159190715412654e-03
  -2.02301615895638569123e-03
  -2.02504052241952439348e-03
  -2.02706488162218397345e-03
  -2.02908924073749502223e-03
  -2.03111360051910945501e-03
  -2.03313795983614542529e-03
  -2.03516231915358124932e-03
  -2.03718667847134797186e-03
  -2.03921103778951758392e-03
  -2.04123539710809615705e-03
  -2.04325975642713139613e-03
  -2.04528411574652875873e-03
  -2.04730847506618069201e-03
  -2.04933283438640248195e-03
  -2.05135719370715683199e-03
  -2.05338155302794587651e-03
  -2.05540591234948735733e-03
  -2.05743027167115807505e-03
  -2.05945463099334487300e-03
  -2.06147899031591851429e-03
  -2.06350334963900953686e-03
  -2.06552770896249304061e-03
  -2.06755206828633216268e-03
  -2.06957642761038769150e-03
  -2.07160078693495583110e-03
  -2.07362514625988045638e-03
  -2.07564950558550244050e-03
  -2.07767386491125886569e-03
  -2.07969822423735442932e-03
  -2.08172258356392183773e-03
  -2.08374694289116275253e-03
  -2.08577130221844746910e-03
  -2.08779566154635625244e-03
  -2.08982002087445498800e-03
  -2.09184438020330529251e-03
  -2.09386873953246090835e-03
  -2.09589309886161478946e-03
  -2.09791745819157531699e-03
  -2.09994181752208228242e-03
  -2.10196617685246998561e-03
  -2.10399053618337680480e-03
  -2.10601489551487863414e-03
  -2.10803925484676166896e-03
  -2.11006361417909443084e-03
  -2.11208797351182617913e-03
  -2.11411233284492395407e-03
  -2.11613669217822816110e-03
  -2.11816105151213171509e-03
  -2.12018541084637787697e-03
  -2.12220977018118218613e-03
  -2.12423412951636336396e-03
  -2.12625848885162564011e-03
  -2.12828284818745386980e-03
  -2.13030720752387233916e-03
  -2.13233156686077436268e-03
  -2.13435592619772409109e-03
  -2.13638028553515694000e-03
  -2.13840464487322643242e-03
  -2.14042900421140824818e-03
  -2.14245336354992096245e-03
  -2.14447772288858503134e-03
  -2.14650208222865769569e-03
  -2.14852644156830665384e-03
  -2.15055080090896348632e-03
  -2.15257516024991088499e-03
  -2.15459951959059330465e-03
  -2.15662387893210232004e-03
  -2.15864823827392922351e-03
  -2.16067259761679175689e-03
  -2.16269695695883853656e-03
  -2.16472131630212043935e-03
  -2.16674567564560357005e-03
  -2.16877003499001087469e-03
  -2.17079439433436049978e-03
  -2.17281875367888229617e-03
  -2.17484311302368815352e-03
  -2.17686747237000625607e-03
  -2.17889183171558840219e-03
  -2.18091619106178767618e-03
  -2.18294055040861752215e-03
  -2.18496490975587454378e-03
  -2.18698926910307865634e-03
  -2.18901362845134051655e-03
  -2.19103798779885774670e-03
  -2.19306234714863011737e-03
  -2.19508670649757892807e-03
  -2.19711106584675325282e-03
  -2.19913542519735568867e-03
  -2.20115978454749321863e-03
  -2.20318414389828907615e-03
  -2.20520850324953986490e-03
  -2.20723286260138176068e-03
  -2.20925722195308140913e-03
  -2.21128158130517093669e-03
  -2.21330594065822583785e-03
  +2.42876350194463824024e-05
  -2.25898799695414213146e-03
  -3.53394373232488769043e-03
  -3.58522639891344736471e-03
  -3.58984290289685124137e-03
  -3.59346422173527357824e-03
  -3.59706470849206890947e-03
  -3.60066475934577674353e-03
  -3.60426480107762896299e-03
  -3.60786484261973192447e-03
  -3.61146488477601199790e-03
  -3.61506492651505464617e-03
  -3.61866496825430329284e-03
  -3.62226500999394615543e-03
  -3.62586505173400708638e-03
  -3.62946509347443274293e-03
  -3.63306513521519970633e-03
  -3.63666517695646670377e-03
  -3.64026521869802903789e-03
  -3.64386526043996997540e-03
  -3.64746530218250722410e-03
  -3.65106534392509564715e-03
  -3.65466538566839617419e-03
  -3.65826542741206966677e-03
  -3.66186546915592964213e-03
  -3.66546551090027924319e-03
  -3.66906555264526852353e-03
  -3.67266559439042607205e-03
  -3.67626563613597219862e-03
  -3.67986567788175641600e-03
  -3.68346571962830130961e-03
  -3.68706576137481888134e-03
  -3.69066580312211360917e-03
  -3.69426584486982510433e-03
  -3.69786588661764111657e-03
  -3.70146592836595195869e-03
  -3.70506597011457158158e-03
  -3.70866601186401476445e-03
  -3.71226605361345534523e-03
  -3.71586609536328840719e-03
  -3.71946613711368438693e-03
  -3.72306617886441343357e-03
  -3.72666622061549029227e-03
  -3.73026626236703075581e-03
  -3.73386630411904783464e-03
  -3.73746634587122841115e-03
  -3.74106638762396626757e-03
  -3.74466642937708836525e-03
  -3.74826647113071006329e-03
  -3.75186651288404206250e-03
  -3.75546655463871240088e-03
  -3.75906659639333156492e-03
  -3.76266663814840956331e-03
  -3.76626667990390779847e-03
  -3.76986672166008734627e-03
  -3.77346676341618232631e-03
  -3.77706680517238876232e-03
  -3.78066684692995999204e-03
  -3.78426688868726797746e-03
  -3.78786693044530324570e-03
  -3.79146697220338882092e-03
  -3.79506701396221208730e-03
  -3.79866705572108826275e-03
  -3.80226709748067220537e-03
  -3.80586713924068115525e-03
  -3.80946718100069834506e-03
  -3.81306722276143978193e-03
  -3.81666726452256459268e-03
  -3.82026730628370891907e-03
  -3.82386734804556621681e-03
  -3.82746738980780645475e-03
  -3.83106743157036024397e-03
  -3.83466747333326965150e-03
  -3.83826751509689766823e-03
  -3.84186755686043981614e-03
  -3.84546759862468409338e-03
  -3.84906764038961835689e-03
  -3.85266768215476425666e-03
  -3.85626772391971586740e-03
  -3.85986776568572999627e-03
  -3.86346780745181394776e-03
  -3.86706784921800805419e-03
  -3.87066789098512633455e-03
  -3.87426793275263015720e-03
  -3.87786797452093151897e-03
  -3.88146801628858149208e-03
  -3.88506805805729138123e-03
  -3.88866809982652949368e-03
  -3.89226814159566222168e-03
  -3.89586818336548450226e-03
  -3.89946822513536749816e-03
  -3.90306826690613129990e-03
  -3.90666830867698530727e-03
  -3.91026835044823179582e-03
  -3.91386839222009758066e-03
  -3.91746843399226347265e-03
  -3.92106847576491682195e-03
  -3.92466851753760052890e-03
  -3.92826855931153150203e-03
  -3.93186860108453353074e-03
  -3.93546864285877154993e-03
  +3.41797619356822780421e-05
  -3.11118115989826235501e-03
  -5.02275193451851530158e-03
  -5.10660675785756107414e-03
  -5.11342266517513747287e-03
  -5.11858649102240898660e-03
  -5.12371572508724549416e-03
  -5.12884423522851247423e-03
  -5.13397273021939243298e-03
  -5.13910122489347025165e-03
  -5.14422972012825406585e-03
  -5.14935821498918155220e-03
  -5.15448670985028684771e-03
  -5.15961520471179893588e-03
  -5.16474369957364062150e-03
  -5.16987219443574685246e-03
  -5.17500068929834661224e-03
  -5.18012918416146071754e-03
  -5.18525767902488013417e-03
  -5.19038617388860486213e-03
  -5.19551466875257852290e-03
  -5.20064316361734061550e-03
  -5.20577165848205326848e-03
  -5.21090015334744766778e-03
  -5.21602864821302247833e-03
  -5.22115714307899193847e-03
  -5.22628563794539161003e-03
  -5.23141413281212348113e-03
  -5.23654262767937750400e-03
  -5.24167112254701750285e-03
  -5.24679961741477633025e-03
  -5.25192811228328976236e-03
  -5.25705660715191595150e-03
  -5.26218510202090643257e-03
  -5.26731359689063070167e-03
  -5.27244209176040354303e-03
  -5.27757058663050424713e-03
  -5.28269908150131965729e-03
  -5.28782757637222614044e-03
  -5.29295607124336334182e-03
  -5.29808456611541387510e-03
  -5.30321306098718945471e-03
  -5.30834155586003796079e-03
  -5.31347005073283789461e-03
  -5.31859854560633778936e-03
  -5.32372704047951849499e-03
  -5.32885553535370360551e-03
  -5.33398403022823045655e-03
  -5.33911252510297935220e-03
  -5.34424101997821657251e-03
  -5.34936951485391349453e-03
  -5.35449800972929122744e-03
  -5.35962650460620592535e-03
  -5.36475499948287342517e-03
  -5.36988349435962505907e-03
  -5.37501198923733599505e-03
  -5.38014048411547800982e-03
  -5.38526897899310828116e-03
  -5.39039747387201791107e-03
  -5.39552596875083646799e-03
  -5.40065446363037840460e-03
  -5.40578295850999319960e-03
  -5.41091145339026892425e-03
  -5.41603994827056546557e-03
  -5.42116844315159232548e-03
  -5.42629693803274495284e-03
  -5.43142543291447524312e-03
  -5.43655392779673115461e-03
  -5.44168242267906512866e-03
  -5.44681091756165757650e-03
  -5.45193941244501677212e-03
  -5.45706790732839678443e-03
  -5.46219640221240563399e-03
  -5.46732489709638152381e-03
  -5.47245339198138697201e-03
  -5.47758188686697615466e-03
  -5.48271038175198507231e-03
  -5.48783887663811462132e-03
  -5.49296737152447662328e-03
  -5.49809586641090888154e-03
  -5.50322436129791880272e-03
  -5.50835285618522102480e-03
  -5.51348135107303932712e-03
  -5.51860984596071191266e-03
  -5.52373834084921716547e-03
  -5.52886683573815089499e-03
  -5.53399533062815928569e-03
  -5.53912382551707046380e-03
  -5.54425232040725839838e-03
  -5.54938081529783751311e-03
  -5.55450931018877918505e-03
  -5.55963780507960983468e-03
  -5.56476629997079089845e-03
  -5.56989479486339963965e-03
  -5.57502328975532489980e-03
  -5.58015178464812966475e-03
  -5.58528027954132647720e-03
  -5.59040877443490145937e-03
  -5.59553726932825352958e-03
  -5.60066576422305756333e-03
  -5.60579425911768031848e-03
  +4.39748899551719305608e-05
  -3.88641401388569850822e-03
  -6.44124614063376621509e-03
  -6.56326169289298596426e-03
  -6.57234303066834939233e-03
  -6.57898739410072569411e-03
  -6.58558071768853160038e-03
  -6.59217297298596034000e-03
  -6.59876520592369598950e-03
  -6.60535743839286895035e-03
  -6.61194967137454167605e-03
  -6.61854190401920533526e-03
  -6.62513413666401471125e-03
  -6.63172636930932802440e-03
  -6.63831860195500996630e-03
  -6.64491083460091655488e-03
  -6.65150306724716748608e-03
  -6.65809529989384689397e-03
  -6.66468753254101028971e-03
  -6.67127976518848333359e-03
  -6.67787199783626949506e-03
  -6.68446423048443295889e-03
  -6.69105646313292081601e-03
  -6.69764869578169750458e-03
  -6.70424092843086450594e-03
  -6.71083316108047472914e-03
  -6.71742539373045531581e-03
  -6.72401762638078197981e-03
  -6.73060985903153451843e-03
  -6.73720209168247353981e-03
  -6.74379432433385318096e-03
  -6.75038655698577839265e-03
  -6.75697878963793605728e-03
  -6.76357102229059245491e-03
  -6.77016325494338936514e-03
  -6.77675548759653061798e-03
  -6.78334772025018795105e-03
  -6.78993995290417054478e-03
  -6.79653218555842635745e-03
  -6.80312441821322600594e-03
  -6.80971665086805861417e-03
  -6.81630888352367445004e-03
  -6.82290111617947156453e-03
  -6.82949334883550720349e-03
  -6.83608558149191580799e-03
  -6.84267781414893330044e-03
  -6.84927004680636452444e-03
  -6.85586227946400825206e-03
  -6.86245451212208739528e-03
  -6.86904674478025414203e-03
  -6.87563897743844257282e-03
  -6.88223121009811332482e-03
  -6.88882344275714569859e-03
  -6.89541567541707839384e-03
  -6.90200790807718976561e-03
  -6.90860014073821360192e-03
  -6.91519237339847762935e-03
  -6.92178460605992213611e-03
  -6.92837683872190700923e-03
  -6.93496907138368458290e-03
  -6.94156130404611094314e-03
  -6.94815353670850781309e-03
  -6.95474576937152918349e-03
  -6.96133800203527653566e-03
  -6.96793023469895883570e-03
  -6.97452246736313813402e-03
  -6.98111470002761493742e-03
  -6.98770693269256878977e-03
  -6.99429916535795545562e-03
  -7.00089139802366998422e-03
  -7.00748363068974880474e-03
  -7.01407586335589181004e-03
  -7.02066809602221782866e-03
  -7.02726032868952049659e-03
  -7.03385256135705648484e-03
  -7.04044479402504870535e-03
  -7.04703702669305133421e-03
  -7.05362925936154749190e-03
  -7.06022149203022406083e-03
  -7.06681372469990590202e-03
  -7.07340595736928937076e-03
  -7.07999819003926698230e-03
  -7.08659042270922898132e-03
  -7.09318265537983543012e-03
  -7.09977488805100045988e-03
  -7.10636712072274401991e-03
  -7.11295935339454395846e-03
  -7.11955158606682701750e-03
  -7.12614381873952554280e-03
  -7.13273605141254585932e-03
  -7.13932828408599725462e-03
  -7.14592051675956140694e-03
  -7.15251274943304489462e-03
  -7.15910498210755100179e-03
  -7.16569721478250900443e-03
  -7.17228944745770639890e-03
  -7.17888168013318742067e-03
  -7.18547391280812287190e-03
  -7.19206614548461957426e-03
  -7.19865837816159419293e-03
  -7.20525061083835544062e-03
  +5.36646697604538301901e-05
  -4.59310203818942813098e-03
  -7.78921551877745539649e-03
  -7.95513862969583589180e-03
  -7.96655882370082488175e-03
  -7.97462182503218784679e-03
  -7.98261449377967759189e-03
  -7.99060569023445771419e-03
  -7.99859685586963575776e-03
  -8.00658802085916707081e-03
  -8.01457918631796363551e-03
  -8.02257035147098743200e-03
  -8.03056151662427317173e-03
  -8.03855268177786075334e-03
  -8.04654384693188895472e-03
  -8.05453501208628665220e-03
  -8.06252617724098619156e-03
  -8.07051734239594073528e-03
  -8.07850850755119365143e-03
  -8.08649967270686463594e-03
  -8.09449083786297103604e-03
  -8.10248200301945734059e-03
  -8.11047316817606334105e-03
  -8.11846433333321577941e-03
  -8.12645549849073424442e-03
  -8.13444666364837760952e-03
  -8.14243782880677904878e-03
  -8.15042899396502089349e-03
  -8.15842015912397570954e-03
  -8.16641132428306409929e-03
  -8.17440248944263474218e-03
  -8.18239365460259222840e-03
  -8.19038481976292441489e-03
  -8.19837598492336935840e-03
  -8.20636715008430522866e-03
  -8.21435831524571641316e-03
  -8.22234948040719351714e-03
  -8.23034064556901930054e-03
  -8.23833181073142274686e-03
  -8.24632297589408293226e-03
  -8.25431414105719414576e-03
  -8.26230530622035913568e-03
  -8.27029647138434638454e-03
  -8.27828763654820526385e-03
  -8.28627880171263660192e-03
  -8.29426996687743396663e-03
  -8.30226113204257133715e-03
  -8.31025229720804697875e-03
  -8.31824346237380538027e-03
  -8.32623462753965572214e-03
  -8.33422579270669608431e-03
  -8.34221695787344848239e-03
  -8.35020812304022169714e-03
  -8.35819928820812248216e-03
  -8.36619045337575785448e-03
  -8.37418161854367598673e-03
  -8.38217278371246841961e-03
  -8.39016394888142912067e-03
  -8.39815511405063615247e-03
  -8.40614627922039482633e-03
  -8.41413744439052646573e-03
  -8.42212860956073269825e-03
  -8.43011977473170394382e-03
  -8.43811093990252426844e-03
  -8.44610210507393092960e-03
  -8.45409327024546249085e-03
  -8.46208443541763763451e-03
  -8.47007560059045462586e-03
  -8.47806676576252742084e-03
  -8.48605793093595330012e-03
  -8.49404909610964632682e-03
  -8.50204026128310343113e-03
  -8.51003142645747820416e-03
  -8.51802259163160317701e-03
  -8.52601375680661979772e-03
  -8.53400492198206489514e-03
  -8.54199608715739723552e-03
  -8.54998725233349632369e-03
  -8.55797841750964224938e-03
  -8.56596958268578297091e-03
  -8.57396074786347280050e-03
  -8.58195191304065782556e-03
  -8.58994307821772835887e-03
  -8.59793424339585186933e-03
  -8.60592540857471784144e-03
  -8.61391657375321778689e-03
  -8.62190773893183569354e-03
  -8.62989890411113187707e-03
  -8.63789006929093806930e-03
  -8.64588123447105477704e-03
  -8.65387239965136403907e-03
  -8.66186356483242790583e-03
  -8.66985473001381443114e-03
  -8.67784589519454349626e-03
  -8.68583706037660829846e-03
  -8.69382822555909290374e-03
  -8.70181939074164689796e-03
  -8.70981055592432058809e-03
  -8.71780172110723887424e-03
  -8.72579288629174790182e-03
  -8.73378405147479455750e-03
</dep>
<dep Pr1.I VCE IBE>
  -4.34931185826821175536e-06
  +3.57238342687242796912e-04
  +4.94140099542584904264e-04
  +4.98674297008116834337e-04
  +4.99259835232187393350e-04
  +4.99762022511496197159e-04
  +5.00262465890794708750e-04
  +5.00762872790460754520e-04
  +5.01263278926158267756e-04
  +5.01763685528012733442e-04
  +5.02264091827022644138e-04
  +5.02764498126324638899e-04
  +5.03264904425920235609e-04
  +5.03765310725824396257e-04
  +5.04265717026124073857e-04
  +5.04766123326820027352e-04
  +5.05266529627681321678e-04
  +5.05766935929048396317e-04
  +5.06267342230651393349e-04
  +5.06767748532770795876e-04
  +5.07268154835211230666e-04
  +5.07768561137955242064e-04
  +5.08268967440978435522e-04
  +5.08769373744272354262e-04
  +5.09269780048212132237e-04
  +5.09770186352273666115e-04
  +5.10270592656854099153e-04
  +5.10770998961661130446e-04
  +5.11271405266989879823e-04
  +5.11771811572518772922e-04
  +5.12272217878367505661e-04
  +5.12772624184519706589e-04
  +5.13273030491119357753e-04
  +5.13773436798126994195e-04
  +5.14273843105321004990e-04
  +5.14774249413205869409e-04
  +5.15274655721139089246e-04
  +5.15775062029628504796e-04
  +5.16275468338368587889e-04
  +5.16775874647227065860e-04
  +5.17276280956926993136e-04
  +5.17776687266636569812e-04
  +5.18277093576823520704e-04
  +5.18777499887240214037e-04
  +5.19277906198062615822e-04
  +5.19778312509189678418e-04
  +5.20278718820975719095e-04
  +5.20779125132943363635e-04
  +5.21279531445040787176e-04
  +5.21779937757662964568e-04
  +5.22280344070594247999e-04
  +5.22780750383756466493e-04
  +5.23281156697239608830e-04
  +5.23781563011571464628e-04
  +5.24281969325955470550e-04
  +5.24782375640876264968e-04
  +5.25282781955682459216e-04
  +5.25783188271046258641e-04
  +5.26283594587075541360e-04
  +5.26784000903254335559e-04
  +5.27284407219368186047e-04
  +5.27784813536484598284e-04
  +5.28285219853622694565e-04
  +5.28785626171023384612e-04
  +5.29286032488770694093e-04
  +5.29786438806781247862e-04
  +5.30286845126175785704e-04
  +5.30787251444496529715e-04
  +5.31287657763716836268e-04
  +5.31788064083595470380e-04
  +5.32288470403806737719e-04
  +5.32788876724277888318e-04
  +5.33289283044737654794e-04
  +5.33789689365874939209e-04
  +5.34290095687286743613e-04
  +5.34790502009001907785e-04
  +5.35290908330591955026e-04
  +5.35791314653707041044e-04
  +5.36291720976327514030e-04
  +5.36792127298853227746e-04
  +5.37292533623047420185e-04
  +5.37792939947159646941e-04
  +5.38293346271178740729e-04
  +5.38793752595545104474e-04
  +5.39294158920718006214e-04
  +5.39794565246254440943e-04
  +5.40294971571189468727e-04
  +5.40795377897426514900e-04
  +5.41295784224020155168e-04
  +5.41796190549980621366e-04
  +5.42296596877772630295e-04
  +5.42797003204920514713e-04
  +5.43297409532924485166e-04
  +5.43797815860765500033e-04
  +5.44298222189465094600e-04
  +5.44798628518523126406e-04
  +5.45299034846863416373e-04
  +5.45799441176609808138e-04
  +5.46299847506700867773e-04
  +5.46800253837137896322e-04
  +5.47300660167362746505e-04
  -1.43194687525917634905e-05
  +1.32807099789394172928e-03
  +1.99204466308330451624e-03
  +2.01645801420924017378e-03
  +2.01895729390351311508e-03
  +2.02099159190715412654e-03
  +2.02301615895638569123e-03
  +2.02504052241952439348e-03
  +2.02706488162218397345e-03
  +2.02908924073749502223e-03
  +2.03111360051910945501e-03
  +2.03313795983614542529e-03
  +2.03516231915358124932e-03
  +2.03718667847134797186e-03
  +2.03921103778951758392e-03
  +2.04123539710809615705e-03
  +2.04325975642713139613e-03
  +2.04528411574652875873e-03
  +2.04730847506618069201e-03
  +2.04933283438640248195e-03
  +2.05135719370715683199e-03
  +2.05338155302794587651e-03
  +2.05540591234948735733e-03
  +2.05743027167115807505e-03
  +2.05945463099334487300e-03
  +2.06147899031591851429e-03
  +2.06350334963900953686e-03
  +2.06552770896249304061e-03
  +2.06755206828633216268e-03
  +2.06957642761038769150e-03
  +2.07160078693495583110e-03
  +2.07362514625988045638e-03
  +2.07564950558550244050e-03
  +2.07767386491125886569e-03
  +2.07969822423735442932e-03
  +2.08172258356392183773e-03
  +2.08374694289116275253e-03
  +2.08577130221844746910e-03
  +2.08779566154635625244e-03
  +2.08982002087445498800e-03
  +2.09184438020330529251e-03
  +2.09386873953246090835e-03
  +2.09589309886161478946e-03
  +2.09791745819157531699e-03
  +2.09994181752208228242e-03
  +2.10196617685246998561e-03
  +2.10399053618337680480e-03
  +2.10601489551487863414e-03
  +2.10803925484676166896e-03
  +2.11006361417909443084e-03
  +2.11208797351182617913e-03
  +2.11411233284492395407e-03
  +2.11613669217822816110e-03
  +2.11816105151213171509e-03
  +2.12018541084637787697e-03
  +2.12220977018118218613e-03
  +2.12423412951636336396e-03
  +2.12625848885162564011e-03
  +2.12828284818745386980e-03
  +2.13030720752387233916e-03
  +2.13233156686077436268e-03
  +2.13435592619772409109e-03
  +2.13638028553515694000e-03
  +2.13840464487322643242e-03
  +2.14042900421140824818e-03
  +2.14245336354992096245e-03
  +2.14447772288858503134e-03
  +2.14650208222865769569e-03
  +2.14852644156830665384e-03
  +2.15055080090896348632e-03
  +2.15257516024991088499e-03
  +2.15459951959059330465e-03
  +2.15662387893210232004e-03
  +2.15864823827392922351e-03
  +2.16067259761679175689e-03
  +2.16269695695883853656e-03
  +2.16472131630212043935e-03
  +2.16674567564560357005e-03
  +2.16877003499001087469e-03
  +2.17079439433436049978e-03
  +2.17281875367888229617e-03
  +2.17484311302368815352e-03
  +2.17686747237000625607e-03
  +2.17889183171558840219e-03
  +2.18091619106178767618e-03
  +2.18294055040861752215e-03
  +2.18496490975587454378e-03
  +2.18698926910307865634e-03
  +2.18901362845134051655e-03
  +2.19103798779885774670e-03
  +2.19306234714863011737e-03
  +2.19508670649757892807e-03
  +2.19711106584675325282e-03
  +2.19913542519735568867e-03
  +2.20115978454749321863e-03
  +2.20318414389828907615e-03
  +2.20520850324953986490e-03
  +2.20723286260138176068e-03
  +2.20925722195308140913e-03
  +2.21128158130517093669e-03
  +2.21330594065822583785e-03
  -2.42876350194463824024e-05
  +2.25898799695414213146e-03
  +3.53394373232488769043e-03
  +3.58522639891344736471e-03
  +3.58984290289685124137e-03
  +3.59346422173527357824e-03
  +3.59706470849206890947e-03
  +3.60066475934577674353e-03
  +3.60426480107762896299e-03
  +3.60786484261973192447e-03
  +3.61146488477601199790e-03
  +3.61506492651505464617e-03
  +3.61866496825430329284e-03
  +3.62226500999394615543e-03
  +3.62586505173400708638e-03
  +3.62946509347443274293e-03
  +3.63306513521519970633e-03
  +3.63666517695646670377e-03
  +3.64026521869802903789e-03
  +3.64386526043996997540e-03
  +3.64746530218250722410e-03
  +3.65106534392509564715e-03
  +3.65466538566839617419e-03
  +3.65826542741206966677e-03
  +3.66186546915592964213e-03
  +3.66546551090027924319e-03
  +3.66906555264526852353e-03
  +3.67266559439042607205e-03
  +3.67626563613597219862e-03
  +3.67986567788175641600e-03
  +3.68346571962830130961e-03
  +3.68706576137481888134e-03
  +3.69066580312211360917e-03
  +3.69426584486982510433e-03
  +3.69786588661764111657e-03
  +3.70146592836595195869e-03
  +3.70506597011457158158e-03
  +3.70866601186401476445e-03
  +3.71226605361345534523e-03
  +3.71586609536328840719e-03
  +3.71946613711368438693e-03
  +3.72306617886441343357e-03
  +3.72666622061549029227e-03
  +3.73026626236703075581e-03
  +3.73386630411904783464e-03
  +3.73746634587122841115e-03
  +3.74106638762396626757e-03
  +3.74466642937708836525e-03
  +3.74826647113071006329e-03
  +3.75186651288404206250e-03
  +3.75546655463871240088e-03
  +3.75906659639333156492e-03
  +3.76266663814840956331e-03
  +3.76626667990390779847e-03
  +3.76986672166008734627e-03
  +3.77346676341618232631e-03
  +3.77706680517238876232e-03
  +3.78066684692995999204e-03
  +3.78426688868726797746e-03
  +3.78786693044530324570e-03
  +3.79146697220338882092e-03
  +3.79506701396221208730e-03
  +3.79866705572108826275e-03
  +3.80226709748067220537e-03
  +3.80586713924068115525e-03
  +3.80946718100069834506e-03
  +3.81306722276143978193e-03
  +3.81666726452256459268e-03
  +3.82026730628370891907e-03
  +3.82386734804556621681e-03
  +3.82746738980780645475e-03
  +3.83106743157036024397e-03
  +3.83466747333326965150e-03
  +3.83826751509689766823e-03
  +3.84186755686043981614e-03
  +3.84546759862468409338e-03
  +3.84906764038961835689e-03
  +3.85266768215476425666e-03
  +3.85626772391971586740e-03
  +3.85986776568572999627e-03
  +3.86346780745181394776e-03
  +3.86706784921800805419e-03
  +3.87066789098512633455e-03
  +3.87426793275263015720e-03
  +3.87786797452093151897e-03
  +3.88146801628858149208e-03
  +3.88506805805729138123e-03
  +3.88866809982652949368e-03
  +3.89226814159566222168e-03
  +3.89586818336548450226e-03
  +3.89946822513536749816e-03
  +3.90306826690613129990e-03
  +3.90666830867698530727e-03
  +3.91026835044823179582e-03
  +3.91386839222009758066e-03
  +3.91746843399226347265e-03
  +3.92106847576491682195e-03
  +3.92466851753760052890e-03
  +3.92826855931153150203e-03
  +3.93186860108453353074e-03
  +3.93546864285877154993e-03
  -3.41797619356822780421e-05
  +3.11118115989826235501e-03
  +5.02275193451851530158e-03
  +5.10660675785756107414e-03
  +5.11342266517513747287e-03
  +5.11858649102240898660e-03
  +5.12371572508724549416e-03
  +5.12884423522851247423e-03
  +5.13397273021939243298e-03
  +5.13910122489347025165e-03
  +5.14422972012825406585e-03
  +5.14935821498918155220e-03
  +5.15448670985028684771e-03
  +5.15961520471179893588e-03
  +5.16474369957364062150e-03
  +5.16987219443574685246e-03
  +5.17500068929834661224e-03
  +5.18012918416146071754e-03
  +5.18525767902488013417e-03
  +5.19038617388860486213e-03
  +5.19551466875257852290e-03
  +5.20064316361734061550e-03
  +5.20577165848205326848e-03
  +5.21090015334744766778e-03
  +5.21602864821302247833e-03
  +5.22115714307899193847e-03
  +5.22628563794539161003e-03
  +5.23141413281212348113e-03
  +5.23654262767937750400e-03
  +5.24167112254701750285e-03
  +5.24679961741477633025e-03
  +5.25192811228328976236e-03
  +5.25705660715191595150e-03
  +5.26218510202090643257e-03
  +5.26731359689063070167e-03
  +5.27244209176040354303e-03
  +5.27757058663050424713e-03
  +5.28269908150131965729e-03
  +5.28782757637222614044e-03
  +5.29295607124336334182e-03
  +5.29808456611541387510e-03
  +5.30321306098718945471e-03
  +5.30834155586003796079e-03
  +5.31347005073283789461e-03
  +5.31859854560633778936e-03
  +5.32372704047951849499e-03
  +5.32885553535370360551e-03
  +5.33398403022823045655e-03
  +5.33911252510297935220e-03
  +5.34424101997821657251e-03
  +5.34936951485391349453e-03
  +5.35449800972929122744e-03
  +5.35962650460620592535e-03
  +5.36475499948287342517e-03
  +5.36988349435962505907e-03
  +5.37501198923733599505e-03
  +5.38014048411547800982e-03
  +5.38526897899310828116e-03
  +5.39039747387201791107e-03
  +5.39552596875083646799e-03
  +5.40065446363037840460e-03
  +5.40578295850999319960e-03
  +5.41091145339026892425e-03
  +5.41603994827056546557e-03
  +5.42116844315159232548e-03
  +5.42629693803274495284e-03
  +5.43142543291447524312e-03
  +5.43655392779673115461e-03
  +5.44168242267906512866e-03
  +5.44681091756165757650e-03
  +5.45193941244501677212e-03
  +5.45706790732839678443e-03
  +5.46219640221240563399e-03
  +5.46732489709638152381e-03
  +5.47245339198138697201e-03
  +5.47758188686697615466e-03
  +5.48271038175198507231e-03
  +5.48783887663811462132e-03
  +5.49296737152447662328e-03
  +5.49809586641090888154e-03
  +5.50322436129791880272e-03
  +5.50835285618522102480e-03
  +5.51348135107303932712e-03
  +5.51860984596071191266e-03
  +5.52373834084921716547e-03
  +5.52886683573815089499e-03
  +5.53399533062815928569e-03
  +5.53912382551707046380e-03
  +5.54425232040725839838e-03
  +5.54938081529783751311e-03
  +5.55450931018877918505e-03
  +5.55963780507960983468e-03
  +5.56476629997079089845e-03
  +5.56989479486339963965e-03
  +5.57502328975532489980e-03
  +5.58015178464812966475e-03
  +5.58528027954132647720e-03
  +5.59040877443490145937e-03
  +5.59553726932825352958e-03
  +5.60066576422305756333e-03
  +5.60579425911768031848e-03
  -4.39748899551719305608e-05
  +3.88641401388569850822e-03
  +6.44124614063376621509e-03
  +6.56326169289298596426e-03
  +6.57234303066834939233e-03
  +6.57898739410072569411e-03
  +6.58558071768853160038e-03
  +6.59217297298596034000e-03
  +6.59876520592369598950e-03
  +6.60535743839286895035e-03
  +6.61194967137454167605e-03
  +6.61854190401920533526e-03
  +6.62513413666401471125e-03
  +6.63172636930932802440e-03
  +6.63831860195500996630e-03
  +6.64491083460091655488e-03
  +6.65150306724716748608e-03
  +6.65809529989384689397e-03
  +6.66468753254101028971e-03
  +6.67127976518848333359e-03
  +6.67787199783626949506e-03
  +6.68446423048443295889e-03
  +6.69105646313292081601e-03
  +6.69764869578169750458e-03
  +6.70424092843086450594e-03
  +6.71083316108047472914e-03
  +6.71742539373045531581e-03
  +6.72401762638078197981e-03
  +6.73060985903153451843e-03
  +6.73720209168247353981e-03
  +6.74379432433385318096e-03
  +6.75038655698577839265e-03
  +6.75697878963793605728e-03
  +6.76357102229059245491e-03
  +6.77016325494338936514e-03
  +6.77675548759653061798e-03
  +6.78334772025018795105e-03
  +6.78993995290417054478e-03
  +6.79653218555842635745e-03
  +6.80312441821322600594e-03
  +6.80971665086805861417e-03
  +6.81630888352367445004e-03
  +6.82290111617947156453e-03
  +6.82949334883550720349e-03
  +6.83608558149191580799e-03
  +6.84267781414893330044e-03
  +6.84927004680636452444e-03
  +6.85586227946400825206e-03
  +6.86245451212208739528e-03
  +6.86904674478025414203e-03
  +6.87563897743844257282e-03
  +6.88223121009811332482e-03
  +6.88882344275714569859e-03
  +6.89541567541707839384e-03
  +6.90200790807718976561e-03
  +6.90860014073821360192e-03
  +6.91519237339847762935e-03
  +6.92178460605992213611e-03
  +6.92837683872190700923e-03
  +6.93496907138368458290e-03
  +6.94156130404611094314e-03
  +6.94815353670850781309e-03
  +6.95474576937152918349e-03
  +6.96133800203527653566e-03
  +6.96793023469895883570e-03
  +6.97452246736313813402e-03
  +6.98111470002761493742e-03
  +6.98770693269256878977e-03
  +6.99429916535795545562e-03
  +7.00089139802366998422e-03
  +7.00748363068974880474e-03
  +7.01407586335589181004e-03
  +7.02066809602221782866e-03
  +7.02726032868952049659e-03
  +7.03385256135705648484e-03
  +7.04044479402504870535e-03
  +7.04703702669305133421e-03
  +7.05362925936154749190e-03
  +7.06022149203022406083e-03
  +7.06681372469990590202e-03
  +7.07340595736928937076e-03
  +7.07999819003926698230e-03
  +7.08659042270922898132e-03
  +7.09318265537983543012e-03
  +7.09977488805100045988e-03
  +7.10636712072274401991e-03
  +7.11295935339454395846e-03
  +7.11955158606682701750e-03
  +7.12614381873952554280e-03
  +7.13273605141254585932e-03
  +7.13932828408599725462e-03
  +7.14592051675956140694e-03
  +7.15251274943304489462e-03
  +7.15910498210755100179e-03
  +7.16569721478250900443e-03
  +7.17228944745770639890e-03
  +7.17888168013318742067e-03
  +7.18547391280812287190e-03
  +7.19206614548461957426e-03
  +7.19865837816159419293e-03
  +7.20525061083835544062e-03
  -5.36646697604538301901e-05
  +4.59310203818942813098e-03
  +7.78921551877745539649e-03
  +7.95513862969583589180e-03
  +7.96655882370082488175e-03
  +7.97462182503218784679e-03
  +7.98261449377967759189e-03
  +7.99060569023445771419e-03
  +7.99859685586963575776e-03
  +8.00658802085916707081e-03
  +8.01457918631796363551e-03
  +8.02257035147098743200e-03
  +8.03056151662427317173e-03
  +8.03855268177786075334e-03
  +8.04654384693188895472e-03
  +8.05453501208628665220e-03
  +8.06252617724098619156e-03
  +8.07051734239594073528e-03
  +8.07850850755119365143e-03
  +8.08649967270686463594e-03
  +8.09449083786297103604e-03
  +8.10248200301945734059e-03
  +8.11047316817606334105e-03
  +8.11846433333321577941e-03
  +8.12645549849073424442e-03
  +8.13444666364837760952e-03
  +8.14243782880677904878e-03
  +8.15042899396502089349e-03
  +8.15842015912397570954e-03
  +8.16641132428306409929e-03
  +8.17440248944263474218e-03
  +8.18239365460259222840e-03
  +8.19038481976292441489e-03
  +8.19837598492336935840e-03
  +8.20636715008430522866e-03
  +8.21435831524571641316e-03
  +8.22234948040719351714e-03
  +8.23034064556901930054e-03
  +8.23833181073142274686e-03
  +8.24632297589408293226e-03
  +8.25431414105719414576e-03
  +8.26230530622035913568e-03
  +8.27029647138434638454e-03
  +8.27828763654820526385e-03
  +8.28627880171263660192e-03
  +8.29426996687743396663e-03
  +8.30226113204257133715e-03
  +8.31025229720804697875e-03
  +8.31824346237380538027e-03
  +8.32623462753965572214e-03
  +8.33422579270669608431e-03
  +8.34221695787344848239e-03
  +8.35020812304022169714e-03
  +8.35819928820812248216e-03
  +8.36619045337575785448e-03
  +8.37418161854367598673e-03
  +8.38217278371246841961e-03
  +8.39016394888142912067e-03
  +8.39815511405063615247e-03
  +8.40614627922039482633e-03
  +8.41413744439052646573e-03
  +8.42212860956073269825e-03
  +8.43011977473170394382e-03
  +8.43811093990252426844e-03
  +8.44610210507393092960e-03
  +8.45409327024546249085e-03
  +8.46208443541763763451e-03
  +8.47007560059045462586e-03
  +8.47806676576252742084e-03
  +8.48605793093595330012e-03
  +8.49404909610964632682e-03
  +8.50204026128310343113e-03
  +8.51003142645747820416e-03
  +8.51802259163160317701e-03
  +8.52601375680661979772e-03
  +8.53400492198206489514e-03
  +8.54199608715739723552e-03
  +8.54998725233349632369e-03
  +8.55797841750964224938e-03
  +8.56596958268578297091e-03
  +8.57396074786347280050e-03
  +8.58195191304065782556e-03
  +8.58994307821772835887e-03
  +8.59793424339585186933e-03
  +8.60592540857471784144e-03
  +8.61391657375321778689e-03
  +8.62190773893183569354e-03
  +8.62989890411113187707e-03
  +8.63789006929093806930e-03
  +8.64588123447105477704e-03
  +8.65387239965136403907e-03
  +8.66186356483242790583e-03
  +8.66985473001381443114e-03
  +8.67784589519454349626e-03
  +8.68583706037660829846e-03
  +8.69382822555909290374e-03
  +8.70181939074164689796e-03
  +8.70981055592432058809e-03
  +8.71780172110723887424e-03
  +8.72579288629174790182e-03
  +8.73378405147479455750e-03
</dep>
<dep _net1.V VCE IBE>
  +0.00000000000000000000e+00
  +1.00000000000000005551e-01
  +2.00000000000000011102e-01
  +3.00000000000000044409e-01
  +4.00000000000000022204e-01
  +5.00000000000000000000e-01
  +6.00000000000000088818e-01
  +7.00000000000000066613e-01
  +8.00000000000000044409e-01
  +9.00000000000000022204e-01
  +1.00000000000000000000e+00
  +1.10000000000000008882e+00
  +1.20000000000000017764e+00
  +1.30000000000000004441e+00
  +1.40000000000000013323e+00
  +1.50000000000000000000e+00
  +1.60000000000000008882e+00
  +1.70000000000000017764e+00
  +1.80000000000000004441e+00
  +1.90000000000000013323e+00
  +2.00000000000000000000e+00
  +2.10000000000000008882e+00
  +2.20000000000000017764e+00
  +2.30000000000000026645e+00
  +2.40000000000000035527e+00
  +2.50000000000000000000e+00
  +2.60000000000000008882e+00
  +2.70000000000000017764e+00
  +2.80000000000000026645e+00
  +2.90000000000000035527e+00
  +3.00000000000000000000e+00
  +3.10000000000000008882e+00
  +3.20000000000000017764e+00
  +3.30000000000000026645e+00
  +3.40000000000000035527e+00
  +3.50000000000000000000e+00
  +3.60000000000000008882e+00
  +3.70000000000000017764e+00
  +3.80000000000000026645e+00
  +3.90000000000000035527e+00
  +4.00000000000000000000e+00
  +4.10000000000000053291e+00
  +4.20000000000000017764e+00
  +4.29999999999999982236e+00
  +4.40000000000000035527e+00
  +4.50000000000000000000e+00
  +4.60000000000000053291e+00
  +4.70000000000000017764e+00
  +4.80000000000000071054e+00
  +4.90000000000000035527e+00
  +5.00000000000000000000e+00
  +5.10000000000000053291e+00
  +5.20000000000000017764e+00
  +5.30000000000000071054e+00
  +5.40000000000000035527e+00
  +5.50000000000000000000e+00
  +5.60000000000000053291e+00
  +5.70000000000000017764e+00
  +5.80000000000000071054e+00
  +5.90000000000000035527e+00
  +6.00000000000000000000e+00
  +6.10000000000000053291e+00
  +6.20000000000000017764e+00
  +6.30000000000000071054e+00
  +6.40000000000000035527e+00
  +6.50000000000000000000e+00
  +6.60000000000000053291e+00
  +6.70000000000000017764e+00
  +6.80000000000000071054e+00
  +6.90000000000000035527e+00
  +7.00000000000000000000e+00
  +7.10000000000000053291e+00
  +7.20000000000000017764e+00
  +7.30000000000000071054e+00
  +7.40000000000000035527e+00
  +7.50000000000000000000e+00
  +7.60000000000000053291e+00
  +7.70000000000000017764e+00
  +7.80000000000000071054e+00
  +7.90000000000000035527e+00
  +8.00000000000000000000e+00
  +8.09999999999999964473e+00
  +8.20000000000000106581e+00
  +8.30000000000000071054e+00
  +8.40000000000000035527e+00
  +8.50000000000000000000e+00
  +8.59999999999999964473e+00
  +8.70000000000000106581e+00
  +8.80000000000000071054e+00
  +8.90000000000000035527e+00
  +9.00000000000000000000e+00
  +9.09999999999999964473e+00
  +9.20000000000000106581e+00
  +9.30000000000000071054e+00
  +9.40000000000000035527e+00
  +9.50000000000000000000e+00
  +9.60000000000000142109e+00
  +9.70000000000000106581e+00
  +9.80000000000000071054e+00
  +9.90000000000000035527e+00
  +1.00000000000000000000e+01
  +0.00000000000000000000e+00
  +1.00000000000000005551e-01
  +2.00000000000000011102e-01
  +3.00000000000000044409e-01
  +4.00000000000000022204e-01
  +5.00000000000000000000e-01
  +6.00000000000000088818e-01
  +7.00000000000000066613e-01
  +8.00000000000000044409e-01
  +9.00000000000000022204e-01
  +1.00000000000000000000e+00
  +1.10000000000000008882e+00
  +1.20000000000000017764e+00
  +1.30000000000000004441e+00
  +1.40000000000000013323e+00
  +1.50000000000000000000e+00
  +1.60000000000000008882e+00
  +1.70000000000000017764e+00
  +1.80000000000000004441e+00
  +1.90000000000000013323e+00
  +2.00000000000000000000e+00
  +2.10000000000000008882e+00
  +2.20000000000000017764e+00
  +2.30000000000000026645e+00
  +2.40000000000000035527e+00
  +2.50000000000000000000e+00
  +2.60000000000000008882e+00
  +2.70000000000000017764e+00
  +2.80000000000000026645e+00
  +2.90000000000000035527e+00
  +3.00000000000000000000e+00
  +3.10000000000000008882e+00
  +3.20000000000000017764e+00
  +3.30000000000000026645e+00
  +3.40000000000000035527e+00
  +3.50000000000000000000e+00
  +3.60000000000000008882e+00
  +3.70000000000000017764e+00
  +3.80000000000000026645e+00
  +3.90000000000000035527e+00
  +4.00000000000000000000e+00
  +4.10000000000000053291e+00
  +4.20000000000000017764e+00
  +4.29999999999999982236e+00
  +4.40000000000000035527e+00
  +4.50000000000000000000e+00
  +4.60000000000000053291e+00
  +4.70000000000000017764e+00
  +4.80000000000000071054e+00
  +4.90000000000000035527e+00
  +5.00000000000000000000e+00
  +5.10000000000000053291e+00
  +5.20000000000000017764e+00
  +5.30000000000000071054e+00
  +5.40000000000000035527e+00
  +5.50000000000000000000e+00
  +5.60000000000000053291e+00
  +5.70000000000000017764e+00
  +5.80000000000000071054e+00
  +5.90000000000000035527e+00
  +6.00000000000000000000e+00
  +6.10000000000000053291e+00
  +6.20000000000000017764e+00
  +6.30000000000000071054e+00
  +6.40000000000000035527e+00
  +6.50000000000000000000e+00
  +6.60000000000000053291e+00
  +6.70000000000000017764e+00
  +6.80000000000000071054e+00
  +6.90000000000000035527e+00
  +7.00000000000000000000e+00
  +7.10000000000000053291e+00
  +7.20000000000000017764e+00
  +7.30000000000000071054e+00
  +7.40000000000000035527e+00
  +7.50000000000000000000e+00
  +7.60000000000000053291e+00
  +7.70000000000000017764e+00
  +7.80000000000000071054e+00
  +7.90000000000000035527e+00
  +8.00000000000000000000e+00
  +8.09999999999999964473e+00
  +8.20000000000000106581e+00
  +8.30000000000000071054e+00
  +8.40000000000000035527e+00
  +8.50000000000000000000e+00
  +8.59999999999999964473e+00
  +8.70000000000000106581e+00
  +8.80000000000000071054e+00
  +8.90000000000000035527e+00
  +9.00000000000000000000e+00
  +9.09999999999999964473e+00
  +9.20000000000000106581e+00
  +9.30000000000000071054e+00
  +9.40000000000000035527e+00
  +9.50000000000000000000e+00
  +9.60000000000000142109e+00
  +9.70000000000000106581e+00
  +9.80000000000000071054e+00
  +9.90000000000000035527e+00
  +1.00000000000000000000e+01
  +0.00000000000000000000e+00
  +1.00000000000000005551e-01
  +2.00000000000000011102e-01
  +3.00000000000000044409e-01
  +4.00000000000000022204e-01
  +5.00000000000000000000e-01
  +6.00000000000000088818e-01
  +7.00000000000000066613e-01
  +8.00000000000000044409e-01
  +9.00000000000000022204e-01
  +1.00000000000000000000e+00
  +1.10000000000000008882e+00
  +1.20000000000000017764e+00
  +1.30000000000000004441e+00
  +1.40000000000000013323e+00
  +1.50000000000000000000e+00
  +1.60000000000000008882e+00
  +1.70000000000000017764e+00
  +1.80000000000000004441e+00
  +1.90000000000000013323e+00
  +2.00000000000000000000e+00
  +2.10000000000000008882e+00
  +2.20000000000000017764e+00
  +2.30000000000000026645e+00
  +2.40000000000000035527e+00
  +2.50000000000000000000e+00
  +2.60000000000000008882e+00
  +2.70000000000000017764e+00
  +2.80000000000000026645e+00
  +2.90000000000000035527e+00
  +3.00000000000000000000e+00
  +3.10000000000000008882e+00
  +3.20000000000000017764e+00
  +3.30000000000000026645e+00
  +3.40000000000000035527e+00
  +3.50000000000000000000e+00
  +3.60000000000000008882e+00
  +3.70000000000000017764e+00
  +3.80000000000000026645e+00
  +3.90000000000000035527e+00
  +4.00000000000000000000e+00
  +4.10000000000000053291e+00
  +4.20000000000000017764e+00
  +4.29999999999999982236e+00
  +4.40000000000000035527e+00
  +4.50000000000000000000e+00
  +4.60000000000000053291e+00
  +4.70000000000000017764e+00
  +4.80000000000000071054e+00
  +4.90000000000000035527e+00
  +5.00000000000000000000e+00
  +5.10000000000000053291e+00
  +5.20000000000000017764e+00
  +5.30000000000000071054e+00
  +5.40000000000000035527e+00
  +5.50000000000000000000e+00
  +5.60000000000000053291e+00
  +5.70000000000000017764e+00
  +5.80000000000000071054e+00
  +5.90000000000000035527e+00
  +6.00000000000000000000e+00
  +6.10000000000000053291e+00
  +6.20000000000000017764e+00
  +6.30000000000000071054e+00
  +6.40000000000000035527e+00
  +6.50000000000000000000e+00
  +6.60000000000000053291e+00
  +6.70000000000000017764e+00
  +6.80000000000000071054e+00
  +6.90000000000000035527e+00
  +7.00000000000000000000e+00
  +7.10000000000000053291e+00
  +7.20000000000000017764e+00
  +7.30000000000000071054e+00
  +7.40000000000000035527e+00
  +7.50000000000000000000e+00
  +7.60000000000000053291e+00
  +7.70000000000000017764e+00
  +7.80000000000000071054e+00
  +7.90000000000000035527e+00
  +8.00000000000000000000e+00
  +8.09999999999999964473e+00
  +8.20000000000000106581e+00
  +8.30000000000000071054e+00
  +8.40000000000000035527e+00
  +8.50000000000000000000e+00
  +8.59999999999999964473e+00
  +8.70000000000000106581e+00
  +8.80000000000000071054e+00
  +8.90000000000000035527e+00
  +9.00000000000000000000e+00
  +9.09999999999999964473e+00
  +9.20000000000000106581e+00
  +9.30000000000000071054e+00
  +9.40000000000000035527e+00
  +9.50000000000000000000e+00
  +9.60000000000000142109e+00
  +9.70000000000000106581e+00
  +9.80000000000000071054e+00
  +9.90000000000000035527e+00
  +1.00000000000000000000e+01
  +0.00000000000000000000e+00
  +1.00000000000000005551e-01
  +2.00000000000000011102e-01
  +3.00000000000000044409e-01
  +4.00000000000000022204e-01
  +5.00000000000000000000e-01
  +6.00000000000000088818e-01
  +7.00000000000000066613e-01
  +8.00000000000000044409e-01
  +9.00000000000000022204e-01
  +1.00000000000000000000e+00
  +1.10000000000000008882e+00
  +1.20000000000000017764e+00
  +1.30000000000000004441e+00
  +1.40000000000000013323e+00
  +1.50000000000000000000e+00
  +1.60000000000000008882e+00
  +1.70000000000000017764e+00
  +1.80000000000000004441e+00
  +1.90000000000000013323e+00
  +2.00000000000000000000e+00
  +2.10000000000000008882e+00
  +2.20000000000000017764e+00
  +2.30000000000000026645e+00
  +2.40000000000000035527e+00
  +2.50000000000000000000e+00
  +2.60000000000000008882e+00
  +2.70000000000000017764e+00
  +2.80000000000000026645e+00
  +2.90000000000000035527e+00
  +3.00000000000000000000e+00
  +3.10000000000000008882e+00
  +3.20000000000000017764e+00
  +3.30000000000000026645e+00
  +3.40000000000000035527e+00
  +3.50000000000000000000e+00
  +3.60000000000000008882e+00
  +3.70000000000000017764e+00
  +3.80000000000000026645e+00
  +3.90000000000000035527e+00
  +4.00000000000000000000e+00
  +4.10000000000000053291e+00
  +4.20000000000000017764e+00
  +4.29999999999999982236e+00
  +4.40000000000000035527e+00
  +4.50000000000000000000e+00
  +4.60000000000000053291e+00
  +4.70000000000000017764e+00
  +4.80000000000000071054e+00
  +4.90000000000000035527e+00
  +5.00000000000000000000e+00
  +5.10000000000000053291e+00
  +5.20000000000000017764e+00
  +5.30000000000000071054e+00
  +5.40000000000000035527e+00
  +5.50000000000000000000e+00
  +5.60000000000000053291e+00
  +5.70000000000000017764e+00
  +5.80000000000000071054e+00
  +5.90000000000000035527e+00
  +6.00000000000000000000e+00
  +6.10000000000000053291e+00
  +6.20000000000000017764e+00
  +6.30000000000000071054e+00
  +6.40000000000000035527e+00
  +6.50000000000000000000e+00
  +6.60000000000000053291e+00
  +6.70000000000000017764e+00
  +6.80000000000000071054e+00
  +6.90000000000000035527e+00
  +7.00000000000000000000e+00
  +7.10000000000000053291e+00
  +7.20000000000000017764e+00
  +7.30000000000000071054e+00
  +7.40000000000000035527e+00
  +7.50000000000000000000e+00
  +7.60000000000000053291e+00
  +7.70000000000000017764e+00
  +7.80000000000000071054e+00
  +7.90000000000000035527e+00
  +8.00000000000000000000e+00
  +8.09999999999999964473e+00
  +8.20000000000000106581e+00
  +8.30000000000000071054e+00
  +8.40000000000000035527e+00
  +8.50000000000000000000e+00
  +8.59999999999999964473e+00
  +8.70000000000000106581e+00
  +8.80000000000000071054e+00
  +8.90000000000000035527e+00
  +9.00000000000000000000e+00
  +9.09999999999999964473e+00
  +9.20000000000000106581e+00
  +9.30000000000000071054e+00
  +9.40000000000000035527e+00
  +9.50000000000000000000e+00
  +9.60000000000000142109e+00
  +9.70000000000000106581e+00
  +9.80000000000000071054e+00
  +9.90000000000000035527e+00
  +1.00000000000000000000e+01
  +0.00000000000000000000e+00
  +1.00000000000000005551e-01
  +2.00000000000000011102e-01
  +3.00000000000000044409e-01
  +4.00000000000000022204e-01
  +5.00000000000000000000e-01
  +6.00000000000000088818e-01
  +7.00000000000000066613e-01
  +8.00000000000000044409e-01
  +9.00000000000000022204e-01
  +1.00000000000000000000e+00
  +1.10000000000000008882e+00
  +1.20000000000000017764e+00
  +1.30000000000000004441e+00
  +1.40000000000000013323e+00
  +1.50000000000000000000e+00
  +1.60000000000000008882e+00
  +1.70000000000000017764e+00
  +1.80000000000000004441e+00
  +1.90000000000000013323e+00
  +2.00000000000000000000e+00
  +2.10000000000000008882e+00
  +2.20000000000000017764e+00
  +2.30000000000000026645e+00
  +2.40000000000000035527e+00
  +2.50000000000000000000e+00
  +2.60000000000000008882e+00
  +2.70000000000000017764e+00
  +2.80000000000000026645e+00
  +2.90000000000000035527e+00
  +3.00000000000000000000e+00
  +3.10000000000000008882e+00
  +3.20000000000000017764e+00
  +3.30000000000000026645e+00
  +3.40000000000000035527e+00
  +3.50000000000000000000e+00
  +3.60000000000000008882e+00
  +3.70000000000000017764e+00
  +3.80000000000000026645e+00
  +3.90000000000000035527e+00
  +4.00000000000000000000e+00
  +4.10000000000000053291e+00
  +4.20000000000000017764e+00
  +4.29999999999999982236e+00
  +4.40000000000000035527e+00
  +4.50000000000000000000e+00
  +4.60000000000000053291e+00
  +4.70000000000000017764e+00
  +4.80000000000000071054e+00
  +4.90000000000000035527e+00
  +5.00000000000000000000e+00
  +5.10000000000000053291e+00
  +5.20000000000000017764e+00
  +5.30000000000000071054e+00
  +5.40000000000000035527e+00
  +5.50000000000000000000e+00
  +5.60000000000000053291e+00
  +5.70000000000000017764e+00
  +5.80000000000000071054e+00
  +5.90000000000000035527e+00
  +6.00000000000000000000e+00
  +6.10000000000000053291e+00
  +6.20000000000000017764e+00
  +6.30000000000000071054e+00
  +6.40000000000000035527e+00
  +6.50000000000000000000e+00
  +6.60000000000000053291e+00
  +6.70000000000000017764e+00
  +6.80000000000000071054e+00
  +6.90000000000000035527e+00
  +7.00000000000000000000e+00
  +7.10000000000000053291e+00
  +7.20000000000000017764e+00
  +7.30000000000000071054e+00
  +7.40000000000000035527e+00
  +7.50000000000000000000e+00
  +7.60000000000000053291e+00
  +7.70000000000000017764e+00
  +7.80000000000000071054e+00
  +7.90000000000000035527e+00
  +8.00000000000000000000e+00
  +8.09999999999999964473e+00
  +8.20000000000000106581e+00
  +8.30000000000000071054e+00
  +8.40000000000000035527e+00
  +8.50000000000000000000e+00
  +8.59999999999999964473e+00
  +8.70000000000000106581e+00
  +8.80000000000000071054e+00
  +8.90000000000000035527e+00
  +9.00000000000000000000e+00
  +9.09999999999999964473e+00
  +9.20000000000000106581e+00
  +9.30000000000000071054e+00
  +9.40000000000000035527e+00
  +9.50000000000000000000e+00
  +9.60000000000000142109e+00
  +9.70000000000000106581e+00
  +9.80000000000000071054e+00
  +9.90000000000000035527e+00
  +1.00000000000000000000e+01
  +0.00000000000000000000e+00
  +1.00000000000000005551e-01
  +2.00000000000000011102e-01
  +3.00000000000000044409e-01
  +4.00000000000000022204e-01
  +5.00000000000000000000e-01
  +6.00000000000000088818e-01
  +7.00000000000000066613e-01
  +8.00000000000000044409e-01
  +9.00000000000000022204e-01
  +1.00000000000000000000e+00
  +1.10000000000000008882e+00
  +1.20000000000000017764e+00
  +1.30000000000000004441e+00
  +1.40000000000000013323e+00
  +1.50000000000000000000e+00
  +1.60000000000000008882e+00
  +1.70000000000000017764e+00
  +1.80000000000000004441e+00
  +1.90000000000000013323e+00
  +2.00000000000000000000e+00
  +2.10000000000000008882e+00
  +2.20000000000000017764e+00
  +2.30000000000000026645e+00
  +2.40000000000000035527e+00
  +2.50000000000000000000e+00
  +2.60000000000000008882e+00
  +2.70000000000000017764e+00
  +2.80000000000000026645e+00
  +2.90000000000000035527e+00
  +3.00000000000000000000e+00
  +3.10000000000000008882e+00
  +3.20000000000000017764e+00
  +3.30000000000000026645e+00
  +3.40000000000000035527e+00
  +3.50000000000000000000e+00
  +3.60000000000000008882e+00
  +3.70000000000000017764e+00
  +3.80000000000000026645e+00
  +3.90000000000000035527e+00
  +4.00000000000000000000e+00
  +4.10000000000000053291e+00
  +4.20000000000000017764e+00
  +4.29999999999999982236e+00
  +4.40000000000000035527e+00
  +4.50000000000000000000e+00
  +4.60000000000000053291e+00
  +4.70000000000000017764e+00
  +4.80000000000000071054e+00
  +4.90000000000000035527e+00
  +5.00000000000000000000e+00
  +5.10000000000000053291e+00
  +5.20000000000000017764e+00
  +5.30000000000000071054e+00
  +5.40000000000000035527e+00
  +5.50000000000000000000e+00
  +5.60000000000000053291e+00
  +5.70000000000000017764e+00
  +5.80000000000000071054e+00
  +5.90000000000000035527e+00
  +6.00000000000000000000e+00
  +6.10000000000000053291e+00
  +6.20000000000000017764e+00
  +6.30000000000000071054e+00
  +6.40000000000000035527e+00
  +6.50000000000000000000e+00
  +6.60000000000000053291e+00
  +6.70000000000000017764e+00
  +6.80000000000000071054e+00
  +6.90000000000000035527e+00
  +7.00000000000000000000e+00
  +7.10000000000000053291e+00
  +7.20000000000000017764e+00
  +7.30000000000000071054e+00
  +7.40000000000000035527e+00
  +7.50000000000000000000e+00
  +7.60000000000000053291e+00
  +7.70000000000000017764e+00
  +7.80000000000000071054e+00
  +7.90000000000000035527e+00
  +8.00000000000000000000e+00
  +8.09999999999999964473e+00
  +8.20000000000000106581e+00
  +8.30000000000000071054e+00
  +8.40000000000000035527e+00
  +8.50000000000000000000e+00
  +8.59999999999999964473e+00
  +8.70000000000000106581e+00
  +8.80000000000000071054e+00
  +8.90000000000000035527e+00
  +9.00000000000000000000e+00
  +9.09999999999999964473e+00
  +9.20000000000000106581e+00
  +9.30000000000000071054e+00
  +9.40000000000000035527e+00
  +9.50000000000000000000e+00
  +9.60000000000000142109e+00
  +9.70000000000000106581e+00
  +9.80000000000000071054e+00
  +9.90000000000000035527e+00
  +1.00000000000000000000e+01
</dep>
<dep _net0.V VCE IBE>
  +5.57694094436529286263e-01
  +6.20637542286036847372e-01
  +6.28502144419231356665e-01
  +6.28703080641990208477e-01
  +6.28707301183966782432e-01
  +6.28707389392539894857e-01
  +6.28707391235890811210e-01
  +6.28707391274411775406e-01
  +6.28707391275175497825e-01
  +6.28707391300280971080e-01
  +6.28707391309568874860e-01
  +6.28707391318850894457e-01
  +6.28707391328131137698e-01
  +6.28707391337411380938e-01
  +6.28707391346689958844e-01
  +6.28707391355969091862e-01
  +6.28707391365248224879e-01
  +6.28707391374527246874e-01
  +6.28707391383806379892e-01
  +6.28707391393085068820e-01
  +6.28707391402364201838e-01
  +6.28707391411643223833e-01
  +6.28707391420922134806e-01
  +6.28707391430201156801e-01
  +6.28707391439480178796e-01
  +6.28707391448759200792e-01
  +6.28707391458038222787e-01
  +6.28707391467317022737e-01
  +6.28707391476596155755e-01
  +6.28707391485875177750e-01
  +6.28707391495153977701e-01
  +6.28707391504432999696e-01
  +6.28707391513711910669e-01
  +6.28707391522990932664e-01
  +6.28707391532269843637e-01
  +6.28707391541548865632e-01
  +6.28707391550827776605e-01
  +6.28707391560106909623e-01
  +6.28707391569385709573e-01
  +6.28707391578664731568e-01
  +6.28707391587943753564e-01
  +6.28707391597222664537e-01
  +6.28707391606501575509e-01
  +6.28707391615780708527e-01
  +6.28707391625059619500e-01
  +6.28707391634338530473e-01
  +6.28707391643617441446e-01
  +6.28707391652896463441e-01
  +6.28707391662175485436e-01
  +6.28707391671454507431e-01
  +6.28707391680733640449e-01
  +6.28707391690012440399e-01
  +6.28707391699291462395e-01
  +6.28707391708570373368e-01
  +6.28707391717849395363e-01
  +6.28707391727128417358e-01
  +6.28707391736407328331e-01
  +6.28707391745686239304e-01
  +6.28707391754965261299e-01
  +6.28707391764244172272e-01
  +6.28707391773523305289e-01
  +6.28707391782802105240e-01
  +6.28707391792081127235e-01
  +6.28707391801360260253e-01
  +6.28707391810639171226e-01
  +6.28707391819918193221e-01
  +6.28707391829197215216e-01
  +6.28707391838476126189e-01
  +6.28707391847755148184e-01
  +6.28707391857034392224e-01
  +6.28707391866313303197e-01
  +6.28707391875592547237e-01
  +6.28707391884871680254e-01
  +6.28707391894150813272e-01
  +6.28707391903430168334e-01
  +6.28707391912709412374e-01
  +6.28707391921986658012e-01
  +6.28707391931265680007e-01
  +6.28707391940544813025e-01
  +6.28707391949823612975e-01
  +6.28707391959102634971e-01
  +6.28707391968381545944e-01
  +6.28707391977660567939e-01
  +6.28707391986939478912e-01
  +6.28707391996218389885e-01
  +6.28707392005497411880e-01
  +6.28707392014776433875e-01
  +6.28707392024055344848e-01
  +6.28707392033334366843e-01
  +6.28707392042613277816e-01
  +6.28707392051892299811e-01
  +6.28707392061171210784e-01
  +6.28707392070450232779e-01
  +6.28707392079729254775e-01
  +6.28707392089008165748e-01
  +6.28707392098287298765e-01
  +6.28707392107566098716e-01
  +6.28707392116845231733e-01
  +6.28707392126124031684e-01
  +6.28707392135403053679e-01
  +6.28707392144681964652e-01
  +5.88702050253879449748e-01
  +6.55661689020597404642e-01
  +6.66038936395440761551e-01
  +6.66333149139376246239e-01
  +6.66339352664099493495e-01
  +6.66339482345185363243e-01
  +6.66339485055600588836e-01
  +6.66339485112251717069e-01
  +6.66339485113419005557e-01
  +6.66339485113451868159e-01
  +6.66339485122541708151e-01
  +6.66339485125306052460e-01
  +6.66339485128069619613e-01
  +6.66339485130832853699e-01
  +6.66339485133596309829e-01
  +6.66339485136359432893e-01
  +6.66339485139123222091e-01
  +6.66339485141887899466e-01
  +6.66339485144648469017e-01
  +6.66339485147411481059e-01
  +6.66339485150174715145e-01
  +6.66339485152937727186e-01
  +6.66339485155700850250e-01
  +6.66339485158463751269e-01
  +6.66339485161226874332e-01
  +6.66339485163989886374e-01
  +6.66339485166752898415e-01
  +6.66339485169516243523e-01
  +6.66339485172279033520e-01
  +6.66339485175042156584e-01
  +6.66339485177805279648e-01
  +6.66339485180568291689e-01
  +6.66339485183331414753e-01
  +6.66339485186094426794e-01
  +6.66339485188857438835e-01
  +6.66339485191620561899e-01
  +6.66339485194383684963e-01
  +6.66339485197146697004e-01
  +6.66339485199909598023e-01
  +6.66339485202672721087e-01
  +6.66339485205435622106e-01
  +6.66339485208198856192e-01
  +6.66339485210961868233e-01
  +6.66339485213724769253e-01
  +6.66339485216488003338e-01
  +6.66339485219251015380e-01
  +6.66339485222014027421e-01
  +6.66339485224777261507e-01
  +6.66339485227540051504e-01
  +6.66339485230303285590e-01
  +6.66339485233066297631e-01
  +6.66339485235829309673e-01
  +6.66339485238592432736e-01
  +6.66339485241355444778e-01
  +6.66339485244118456819e-01
  +6.66339485246881579883e-01
  +6.66339485249644591924e-01
  +6.66339485252407714988e-01
  +6.66339485255170727029e-01
  +6.66339485257933628048e-01
  +6.66339485260696973157e-01
  +6.66339485263459985198e-01
  +6.66339485266222886217e-01
  +6.66339485268986009281e-01
  +6.66339485271749021322e-01
  +6.66339485274512144386e-01
  +6.66339485277275156427e-01
  +6.66339485280038168469e-01
  +6.66339485282801291532e-01
  +6.66339485285564303574e-01
  +6.66339485288327315615e-01
  +6.66339485291090327657e-01
  +6.66339485293853561743e-01
  +6.66339485296616684806e-01
  +6.66339485299379585825e-01
  +6.66339485302142708889e-01
  +6.66339485304905720930e-01
  +6.66339485307668732972e-01
  +6.66339485310431856036e-01
  +6.66339485313194979099e-01
  +6.66339485315957991141e-01
  +6.66339485318721114204e-01
  +6.66339485321484237268e-01
  +6.66339485324247249309e-01
  +6.66339485327010372373e-01
  +6.66339485329773384414e-01
  +6.66339485332536507478e-01
  +6.66339485335299741564e-01
  +6.66339485338062864628e-01
  +6.66339485340826098714e-01
  +6.66339485343589332800e-01
  +6.66339485346352677908e-01
  +6.66339485349115911994e-01
  +6.66339485351879368125e-01
  +6.66339485354642824255e-01
  +6.66339485357406391408e-01
  +6.66339485360166738914e-01
  +6.66339485362929973000e-01
  +6.66339485365692874019e-01
  +6.66339485368455997083e-01
  +6.66339485371219009124e-01
  +6.02563753781113486951e-01
  +6.70399349801212740552e-01
  +6.82310396433826849005e-01
  +6.82680481587673804178e-01
  +6.82688317283688284043e-01
  +6.82688481122367463172e-01
  +6.82688484547204099684e-01
  +6.82688484618795721204e-01
  +6.82688484620285418458e-01
  +6.82688484620318725149e-01
  +6.82688484625270985973e-01
  +6.82688484626874370065e-01
  +6.82688484628477643135e-01
  +6.82688484630080805182e-01
  +6.82688484631683856207e-01
  +6.82688484633286907233e-01
  +6.82688484634889736213e-01
  +6.82688484636492787239e-01
  +6.82688484638095838264e-01
  +6.82688484639698778267e-01
  +6.82688484641301718270e-01
  +6.82688484642904658273e-01
  +6.82688484644507820320e-01
  +6.82688484646110871346e-01
  +6.82688484647713811349e-01
  +6.82688484649316973396e-01
  +6.82688484650919691354e-01
  +6.82688484652522742380e-01
  +6.82688484654125904427e-01
  +6.82688484655728733408e-01
  +6.82688484657331673411e-01
  +6.82688484658934724436e-01
  +6.82688484660537664439e-01
  +6.82688484662140715464e-01
  +6.82688484663743655467e-01
  +6.82688484665346595470e-01
  +6.82688484666949535473e-01
  +6.82688484668552586498e-01
  +6.82688484670155637524e-01
  +6.82688484671758577527e-01
  +6.82688484673361628552e-01
  +6.82688484674964457533e-01
  +6.82688484676567730602e-01
  +6.82688484678170781628e-01
  +6.82688484679773832653e-01
  +6.82688484681376772656e-01
  +6.82688484682979934703e-01
  +6.82688484684582985729e-01
  +6.82688484686186147776e-01
  +6.82688484687789309824e-01
  +6.82688484689392693916e-01
  +6.82688484690996078008e-01
  +6.82688484692599351078e-01
  +6.82688484694202957215e-01
  +6.82688484695806563352e-01
  +6.82688484697406172685e-01
  +6.82688484699009223711e-01
  +6.82688484700612163714e-01
  +6.82688484702215214739e-01
  +6.82688484703818154742e-01
  +6.82688484705421094745e-01
  +6.82688484707024145770e-01
  +6.82688484708627085773e-01
  +6.82688484710230025776e-01
  +6.82688484711833187824e-01
  +6.82688484713436016804e-01
  +6.82688484715039067829e-01
  +6.82688484716641896810e-01
  +6.82688484718244947835e-01
  +6.82688484719847998861e-01
  +6.82688484721450938864e-01
  +6.82688484723053767844e-01
  +6.82688484724656929892e-01
  +6.82688484726259869895e-01
  +6.82688484727862809898e-01
  +6.82688484729465860923e-01
  +6.82688484731068911948e-01
  +6.82688484732671851951e-01
  +6.82688484734274791954e-01
  +6.82688484735877842979e-01
  +6.82688484737480782982e-01
  +6.82688484739083722985e-01
  +6.82688484740686662988e-01
  +6.82688484742289714013e-01
  +6.82688484743892542994e-01
  +6.82688484745495594019e-01
  +6.82688484747098534022e-01
  +6.82688484748701585048e-01
  +6.82688484750304636073e-01
  +6.82688484751907465053e-01
  +6.82688484753510516079e-01
  +6.82688484755113567104e-01
  +6.82688484756716507107e-01
  +6.82688484758319558132e-01
  +6.82688484759922498135e-01
  +6.82688484761525327116e-01
  +6.82688484763128489163e-01
  +6.82688484764731429166e-01
  +6.82688484766334369169e-01
  +6.82688484767937420195e-01
  +6.82688484769540249175e-01
  +6.11598110320644483551e-01
  +6.79575683339532332639e-01
  +6.92727760684701765470e-01
  +6.93174110740400806208e-01
  +6.93183605677620384711e-01
  +6.93183804257582192321e-01
  +6.93183808409239099468e-01
  +6.93183808496036113489e-01
  +6.93183808497848108487e-01
  +6.93183808497884856870e-01
  +6.93183808501197651353e-01
  +6.93183808502322418299e-01
  +6.93183808503446519111e-01
  +6.93183808504570508902e-01
  +6.93183808505695164826e-01
  +6.93183808506818044393e-01
  +6.93183808507941812138e-01
  +6.93183808509065690906e-01
  +6.93183808510189458651e-01
  +6.93183808511313226397e-01
  +6.93183808512436994143e-01
  +6.93183808513560872910e-01
  +6.93183808514684640656e-01
  +6.93183808515808630446e-01
  +6.93183808516932176147e-01
  +6.93183808518056165937e-01
  +6.93183808519179822660e-01
  +6.93183808520303812450e-01
  +6.93183808521427580196e-01
  +6.93183808522551347941e-01
  +6.93183808523675115687e-01
  +6.93183808524798994455e-01
  +6.93183808525922762200e-01
  +6.93183808527046529946e-01
  +6.93183808528170408714e-01
  +6.93183808529294287482e-01
  +6.93183808530417944205e-01
  +6.93183808531541933995e-01
  +6.93183808532665479696e-01
  +6.93183808533789469486e-01
  +6.93183808534913237231e-01
  +6.93183808536037004977e-01
  +6.93183808537160772723e-01
  +6.93183808538284540468e-01
  +6.93183808539408308214e-01
  +6.93183808540532186981e-01
  +6.93183808541656065749e-01
  +6.93183808542779833495e-01
  +6.93183808543903712263e-01
  +6.93183808545027591030e-01
  +6.93183808546151247754e-01
  +6.93183808547275126521e-01
  +6.93183808548398894267e-01
  +6.93183808549522662013e-01
  +6.93183808550646540780e-01
  +6.93183808551770308526e-01
  +6.93183808552893965249e-01
  +6.93183808554017844017e-01
  +6.93183808555141722785e-01
  +6.93183808556265490530e-01
  +6.93183808557389369298e-01
  +6.93183808558513137044e-01
  +6.93183808559636904789e-01
  +6.93183808560760783557e-01
  +6.93183808561884551303e-01
  +6.93183808563008430070e-01
  +6.93183808564132419860e-01
  +6.93183808565255965561e-01
  +6.93183808566379844329e-01
  +6.93183808567503834119e-01
  +6.93183808568627490843e-01
  +6.93183808569751480633e-01
  +6.93183808570875137356e-01
  +6.93183808571999016124e-01
  +6.93183808573123005914e-01
  +6.93183808574246773659e-01
  +6.93183808575370652427e-01
  +6.93183808576494753240e-01
  +6.93183808577618632007e-01
  +6.93183808578742510775e-01
  +6.93183808579866500565e-01
  +6.93183808580990712400e-01
  +6.93183808582114813213e-01
  +6.93183808583239025047e-01
  +6.93183808584363347904e-01
  +6.93183808585487781784e-01
  +6.93183808586608218860e-01
  +6.93183808587732097628e-01
  +6.93183808588855976396e-01
  +6.93183808589979744141e-01
  +6.93183808591103400865e-01
  +6.93183808592227390655e-01
  +6.93183808593351158400e-01
  +6.93183808594474926146e-01
  +6.93183808595598804914e-01
  +6.93183808596722572659e-01
  +6.93183808597846451427e-01
  +6.93183808598970219172e-01
  +6.93183808600093986918e-01
  +6.93183808601217865686e-01
  +6.93183808602341633431e-01
  +6.18312321418794885730e-01
  +6.86134296429380952098e-01
  +7.00364670706910552589e-01
  +7.00890877008419010963e-01
  +7.00902130259853373140e-01
  +7.00902365672353311332e-01
  +7.00902370594738699516e-01
  +7.00902370697662924215e-01
  +7.00902370699814647459e-01
  +7.00902370699856502867e-01
  +7.00902370702304655659e-01
  +7.00902370703168631216e-01
  +7.00902370704031940640e-01
  +7.00902370704895139042e-01
  +7.00902370705758559488e-01
  +7.00902370706621535845e-01
  +7.00902370707484734247e-01
  +7.00902370708348154693e-01
  +7.00902370709211353095e-01
  +7.00902370710074773541e-01
  +7.00902370710938638076e-01
  +7.00902370711802835679e-01
  +7.00902370712663702612e-01
  +7.00902370713526789991e-01
  +7.00902370714389877371e-01
  +7.00902370715252964750e-01
  +7.00902370716116274174e-01
  +7.00902370716979250531e-01
  +7.00902370717842670977e-01
  +7.00902370718705758357e-01
  +7.00902370719568845736e-01
  +7.00902370720431933115e-01
  +7.00902370721295242539e-01
  +7.00902370722158218896e-01
  +7.00902370723021417298e-01
  +7.00902370723884504677e-01
  +7.00902370724747703079e-01
  +7.00902370725610901481e-01
  +7.00902370726473988860e-01
  +7.00902370727337076239e-01
  +7.00902370728200163619e-01
  +7.00902370729063584065e-01
  +7.00902370729926671444e-01
  +7.00902370730789869846e-01
  +7.00902370731652735181e-01
  +7.00902370732515933582e-01
  +7.00902370733379243006e-01
  +7.00902370734242330386e-01
  +7.00902370735105417765e-01
  +7.00902370735968505144e-01
  +7.00902370736831814568e-01
  +7.00902370737694901948e-01
  +7.00902370738558100349e-01
  +7.00902370739421076706e-01
  +7.00902370740284497153e-01
  +7.00902370741147362487e-01
  +7.00902370742010671911e-01
  +7.00902370742873648268e-01
  +7.00902370743736957692e-01
  +7.00902370744600045072e-01
  +7.00902370745463243473e-01
  +7.00902370746326330853e-01
  +7.00902370747189529254e-01
  +7.00902370748052727656e-01
  +7.00902370748915815035e-01
  +7.00902370749779013437e-01
  +7.00902370750642100816e-01
  +7.00902370751505299218e-01
  +7.00902370752368497619e-01
  +7.00902370753231584999e-01
  +7.00902370754094783400e-01
  +7.00902370754957870780e-01
  +7.00902370755821069181e-01
  +7.00902370756684045539e-01
  +7.00902370757547354962e-01
  +7.00902370758410442342e-01
  +7.00902370759273751766e-01
  +7.00902370760136728123e-01
  +7.00902370761000037547e-01
  +7.00902370761863013904e-01
  +7.00902370762726212305e-01
  +7.00902370763589299685e-01
  +7.00902370764452498086e-01
  +7.00902370765315696488e-01
  +7.00902370766178783867e-01
  +7.00902370767042093291e-01
  +7.00902370767905069648e-01
  +7.00902370768768268050e-01
  +7.00902370769631355429e-01
  +7.00902370770494664853e-01
  +7.00902370771357752233e-01
  +7.00902370772220950634e-01
  +7.00902370773083926991e-01
  +7.00902370773947125393e-01
  +7.00902370774810545839e-01
  +7.00902370775673522196e-01
  +7.00902370776536831620e-01
  +7.00902370777399919000e-01
  +7.00902370778263117401e-01
  +7.00902370779126315803e-01
  +7.00902370779989514205e-01
  +6.23658391193624539461e-01
  +6.91179739490213052022e-01
  +7.06374584904565616661e-01
  +7.06985376366470741338e-01
  +7.06998516554541378554e-01
  +7.06998791512013724514e-01
  +7.06998797262031297706e-01
  +7.06998797382276555901e-01
  +7.06998797384791100029e-01
  +7.06998797384842725400e-01
  +7.06998797386759636474e-01
  +7.06998797387459854136e-01
  +7.06998797388159627708e-01
  +7.06998797388859290258e-01
  +7.06998797389559063831e-01
  +7.06998797390258726381e-01
  +7.06998797390958388931e-01
  +7.06998797391658162503e-01
  +7.06998797392357825053e-01
  +7.06998797393057487604e-01
  +7.06998797393757039131e-01
  +7.06998797394456812704e-01
  +7.06998797395156253209e-01
  +7.06998797395856026782e-01
  +7.06998797396555689332e-01
  +7.06998797397255351882e-01
  +7.06998797397955125454e-01
  +7.06998797398654899027e-01
  +7.06998797399354561577e-01
  +7.06998797400054335149e-01
  +7.06998797400754219744e-01
  +7.06998797401454104339e-01
  +7.06998797402153988934e-01
  +7.06998797402853984551e-01
  +7.06998797403553980168e-01
  +7.06998797404254197829e-01
  +7.06998797404954193446e-01
  +7.06998797405650969417e-01
  +7.06998797406350631967e-01
  +7.06998797407050294517e-01
  +7.06998797407749957067e-01
  +7.06998797408449508595e-01
  +7.06998797409149282167e-01
  +7.06998797409848944717e-01
  +7.06998797410548607267e-01
  +7.06998797411248158795e-01
  +7.06998797411947710323e-01
  +7.06998797412647483895e-01
  +7.06998797413347035423e-01
  +7.06998797414046920018e-01
  +7.06998797414746471546e-01
  +7.06998797415446245118e-01
  +7.06998797416145796646e-01
  +7.06998797416845459196e-01
  +7.06998797417544899702e-01
  +7.06998797418244673274e-01
  +7.06998797418944335824e-01
  +7.06998797419643998374e-01
  +7.06998797420343549902e-01
  +7.06998797421043323475e-01
  +7.06998797421742986025e-01
  +7.06998797422442648575e-01
  +7.06998797423142311125e-01
  +7.06998797423841862653e-01
  +7.06998797424541414181e-01
  +7.06998797425241187753e-01
  +7.06998797425940739281e-01
  +7.06998797426640512853e-01
  +7.06998797427340175403e-01
  +7.06998797428039948976e-01
  +7.06998797428739500504e-01
  +7.06998797429439163054e-01
  +7.06998797430138714581e-01
  +7.06998797430838377132e-01
  +7.06998797431538039682e-01
  +7.06998797432237702232e-01
  +7.06998797432937364782e-01
  +7.06998797433637027332e-01
  +7.06998797434336689882e-01
  +7.06998797435036352432e-01
  +7.06998797435736014982e-01
  +7.06998797436435566510e-01
  +7.06998797437135340083e-01
  +7.06998797437835002633e-01
  +7.06998797438534554161e-01
  +7.06998797439234216711e-01
  +7.06998797439933768239e-01
  +7.06998797440633652833e-01
  +7.06998797441333093339e-01
  +7.06998797442032755889e-01
  +7.06998797442732418439e-01
  +7.06998797443432192011e-01
  +7.06998797444131854562e-01
  +7.06998797444831295067e-01
  +7.06998797445531068639e-01
  +7.06998797446230731190e-01
  +7.06998797446930393740e-01
  +7.06998797447629945268e-01
  +7.06998797448329718840e-01
  +7.06998797449029270368e-01
  +7.06998797449729043940e-01
</dep>
<dep _net2.V VCE IBE>
  +0.00000000000000000000e+00
  +1.00000000000000005551e-01
  +2.00000000000000011102e-01
  +3.00000000000000044409e-01
  +4.00000000000000022204e-01
  +5.00000000000000000000e-01
  +6.00000000000000088818e-01
  +7.00000000000000066613e-01
  +8.00000000000000044409e-01
  +9.00000000000000022204e-01
  +1.00000000000000000000e+00
  +1.10000000000000008882e+00
  +1.20000000000000017764e+00
  +1.30000000000000004441e+00
  +1.40000000000000013323e+00
  +1.50000000000000000000e+00
  +1.60000000000000008882e+00
  +1.70000000000000017764e+00
  +1.80000000000000004441e+00
  +1.90000000000000013323e+00
  +2.00000000000000000000e+00
  +2.10000000000000008882e+00
  +2.20000000000000017764e+00
  +2.30000000000000026645e+00
  +2.40000000000000035527e+00
  +2.50000000000000000000e+00
  +2.60000000000000008882e+00
  +2.70000000000000017764e+00
  +2.80000000000000026645e+00
  +2.90000000000000035527e+00
  +3.00000000000000000000e+00
  +3.10000000000000008882e+00
  +3.20000000000000017764e+00
  +3.30000000000000026645e+00
  +3.40000000000000035527e+00
  +3.50000000000000000000e+00
  +3.60000000000000008882e+00
  +3.70000000000000017764e+00
  +3.80000000000000026645e+00
  +3.90000000000000035527e+00
  +4.00000000000000000000e+00
  +4.10000000000000053291e+00
  +4.20000000000000017764e+00
  +4.29999999999999982236e+00
  +4.40000000000000035527e+00
  +4.50000000000000000000e+00
  +4.60000000000000053291e+00
  +4.70000000000000017764e+00
  +4.80000000000000071054e+00
  +4.90000000000000035527e+00
  +5.00000000000000000000e+00
  +5.10000000000000053291e+00
  +5.20000000000000017764e+00
  +5.30000000000000071054e+00
  +5.40000000000000035527e+00
  +5.50000000000000000000e+00
  +5.60000000000000053291e+00
  +5.70000000000000017764e+00
  +5.80000000000000071054e+00
  +5.90000000000000035527e+00
  +6.00000000000000000000e+00
  +6.10000000000000053291e+00
  +6.20000000000000017764e+00
  +6.30000000000000071054e+00
  +6.40000000000000035527e+00
  +6.50000000000000000000e+00
  +6.60000000000000053291e+00
  +6.70000000000000017764e+00
  +6.80000000000000071054e+00
  +6.90000000000000035527e+00
  +7.00000000000000000000e+00
  +7.10000000000000053291e+00
  +7.20000000000000017764e+00
  +7.30000000000000071054e+00
  +7.40000000000000035527e+00
  +7.50000000000000000000e+00
  +7.60000000000000053291e+00
  +7.70000000000000017764e+00
  +7.80000000000000071054e+00
  +7.90000000000000035527e+00
  +8.00000000000000000000e+00
  +8.09999999999999964473e+00
  +8.20000000000000106581e+00
  +8.30000000000000071054e+00
  +8.40000000000000035527e+00
  +8.50000000000000000000e+00
  +8.59999999999999964473e+00
  +8.70000000000000106581e+00
  +8.80000000000000071054e+00
  +8.90000000000000035527e+00
  +9.00000000000000000000e+00
  +9.09999999999999964473e+00
  +9.20000000000000106581e+00
  +9.30000000000000071054e+00
  +9.40000000000000035527e+00
  +9.50000000000000000000e+00
  +9.60000000000000142109e+00
  +9.70000000000000106581e+00
  +9.80000000000000071054e+00
  +9.90000000000000035527e+00
  +1.00000000000000000000e+01
  +0.00000000000000000000e+00
  +1.00000000000000005551e-01
  +2.00000000000000011102e-01
  +3.00000000000000044409e-01
  +4.00000000000000022204e-01
  +5.00000000000000000000e-01
  +6.00000000000000088818e-01
  +7.00000000000000066613e-01
  +8.00000000000000044409e-01
  +9.00000000000000022204e-01
  +1.00000000000000000000e+00
  +1.10000000000000008882e+00
  +1.20000000000000017764e+00
  +1.30000000000000004441e+00
  +1.40000000000000013323e+00
  +1.50000000000000000000e+00
  +1.60000000000000008882e+00
  +1.70000000000000017764e+00
  +1.80000000000000004441e+00
  +1.90000000000000013323e+00
  +2.00000000000000000000e+00
  +2.10000000000000008882e+00
  +2.20000000000000017764e+00
  +2.30000000000000026645e+00
  +2.40000000000000035527e+00
  +2.50000000000000000000e+00
  +2.60000000000000008882e+00
  +2.70000000000000017764e+00
  +2.80000000000000026645e+00
  +2.90000000000000035527e+00
  +3.00000000000000000000e+00
  +3.10000000000000008882e+00
  +3.20000000000000017764e+00
  +3.30000000000000026645e+00
  +3.40000000000000035527e+00
  +3.50000000000000000000e+00
  +3.60000000000000008882e+00
  +3.70000000000000017764e+00
  +3.80000000000000026645e+00
  +3.90000000000000035527e+00
  +4.00000000000000000000e+00
  +4.10000000000000053291e+00
  +4.20000000000000017764e+00
  +4.29999999999999982236e+00
  +4.40000000000000035527e+00
  +4.50000000000000000000e+00
  +4.60000000000000053291e+00
  +4.70000000000000017764e+00
  +4.80000000000000071054e+00
  +4.90000000000000035527e+00
  +5.00000000000000000000e+00
  +5.10000000000000053291e+00
  +5.20000000000000017764e+00
  +5.30000000000000071054e+00
  +5.40000000000000035527e+00
  +5.50000000000000000000e+00
  +5.60000000000000053291e+00
  +5.70000000000000017764e+00
  +5.80000000000000071054e+00
  +5.90000000000000035527e+00
  +6.00000000000000000000e+00
  +6.10000000000000053291e+00
  +6.20000000000000017764e+00
  +6.30000000000000071054e+00
  +6.40000000000000035527e+00
  +6.50000000000000000000e+00
  +6.60000000000000053291e+00
  +6.70000000000000017764e+00
  +6.80000000000000071054e+00
  +6.90000000000000035527e+00
  +7.00000000000000000000e+00
  +7.10000000000000053291e+00
  +7.20000000000000017764e+00
  +7.30000000000000071054e+00
  +7.40000000000000035527e+00
  +7.50000000000000000000e+00
  +7.60000000000000053291e+00
  +7.70000000000000017764e+00
  +7.80000000000000071054e+00
  +7.90000000000000035527e+00
  +8.00000000000000000000e+00
  +8.09999999999999964473e+00
  +8.20000000000000106581e+00
  +8.30000000000000071054e+00
  +8.40000000000000035527e+00
  +8.50000000000000000000e+00
  +8.59999999999999964473e+00
  +8.70000000000000106581e+00
  +8.80000000000000071054e+00
  +8.90000000000000035527e+00
  +9.00000000000000000000e+00
  +9.09999999999999964473e+00
  +9.20000000000000106581e+00
  +9.30000000000000071054e+00
  +9.40000000000000035527e+00
  +9.50000000000000000000e+00
  +9.60000000000000142109e+00
  +9.70000000000000106581e+00
  +9.80000000000000071054e+00
  +9.90000000000000035527e+00
  +1.00000000000000000000e+01
  +0.00000000000000000000e+00
  +1.00000000000000005551e-01
  +2.00000000000000011102e-01
  +3.00000000000000044409e-01
  +4.00000000000000022204e-01
  +5.00000000000000000000e-01
  +6.00000000000000088818e-01
  +7.00000000000000066613e-01
  +8.00000000000000044409e-01
  +9.00000000000000022204e-01
  +1.00000000000000000000e+00
  +1.10000000000000008882e+00
  +1.20000000000000017764e+00
  +1.30000000000000004441e+00
  +1.40000000000000013323e+00
  +1.50000000000000000000e+00
  +1.60000000000000008882e+00
  +1.70000000000000017764e+00
  +1.80000000000000004441e+00
  +1.90000000000000013323e+00
  +2.00000000000000000000e+00
  +2.10000000000000008882e+00
  +2.20000000000000017764e+00
  +2.30000000000000026645e+00
  +2.40000000000000035527e+00
  +2.50000000000000000000e+00
  +2.60000000000000008882e+00
  +2.70000000000000017764e+00
  +2.80000000000000026645e+00
  +2.90000000000000035527e+00
  +3.00000000000000000000e+00
  +3.10000000000000008882e+00
  +3.20000000000000017764e+00
  +3.30000000000000026645e+00
  +3.40000000000000035527e+00
  +3.50000000000000000000e+00
  +3.60000000000000008882e+00
  +3.70000000000000017764e+00
  +3.80000000000000026645e+00
  +3.90000000000000035527e+00
  +4.00000000000000000000e+00
  +4.10000000000000053291e+00
  +4.20000000000000017764e+00
  +4.29999999999999982236e+00
  +4.40000000000000035527e+00
  +4.50000000000000000000e+00
  +4.60000000000000053291e+00
  +4.70000000000000017764e+00
  +4.80000000000000071054e+00
  +4.90000000000000035527e+00
  +5.00000000000000000000e+00
  +5.10000000000000053291e+00
  +5.20000000000000017764e+00
  +5.30000000000000071054e+00
  +5.40000000000000035527e+00
  +5.50000000000000000000e+00
  +5.60000000000000053291e+00
  +5.70000000000000017764e+00
  +5.80000000000000071054e+00
  +5.90000000000000035527e+00
  +6.00000000000000000000e+00
  +6.10000000000000053291e+00
  +6.20000000000000017764e+00
  +6.30000000000000071054e+00
  +6.40000000000000035527e+00
  +6.50000000000000000000e+00
  +6.60000000000000053291e+00
  +6.70000000000000017764e+00
  +6.80000000000000071054e+00
  +6.90000000000000035527e+00
  +7.00000000000000000000e+00
  +7.10000000000000053291e+00
  +7.20000000000000017764e+00
  +7.30000000000000071054e+00
  +7.40000000000000035527e+00
  +7.50000000000000000000e+00
  +7.60000000000000053291e+00
  +7.70000000000000017764e+00
  +7.80000000000000071054e+00
  +7.90000000000000035527e+00
  +8.00000000000000000000e+00
  +8.09999999999999964473e+00
  +8.20000000000000106581e+00
  +8.30000000000000071054e+00
  +8.40000000000000035527e+00
  +8.50000000000000000000e+00
  +8.59999999999999964473e+00
  +8.70000000000000106581e+00
  +8.80000000000000071054e+00
  +8.90000000000000035527e+00
  +9.00000000000000000000e+00
  +9.09999999999999964473e+00
  +9.20000000000000106581e+00
  +9.30000000000000071054e+00
  +9.40000000000000035527e+00
  +9.50000000000000000000e+00
  +9.60000000000000142109e+00
  +9.70000000000000106581e+00
  +9.80000000000000071054e+00
  +9.90000000000000035527e+00
  +1.00000000000000000000e+01
  +0.00000000000000000000e+00
  +1.00000000000000005551e-01
  +2.00000000000000011102e-01
  +3.00000000000000044409e-01
  +4.00000000000000022204e-01
  +5.00000000000000000000e-01
  +6.00000000000000088818e-01
  +7.00000000000000066613e-01
  +8.00000000000000044409e-01
  +9.00000000000000022204e-01
  +1.00000000000000000000e+00
  +1.10000000000000008882e+00
  +1.20000000000000017764e+00
  +1.30000000000000004441e+00
  +1.40000000000000013323e+00
  +1.50000000000000000000e+00
  +1.60000000000000008882e+00
  +1.70000000000000017764e+00
  +1.80000000000000004441e+00
  +1.90000000000000013323e+00
  +2.00000000000000000000e+00
  +2.10000000000000008882e+00
  +2.20000000000000017764e+00
  +2.30000000000000026645e+00
  +2.40000000000000035527e+00
  +2.50000000000000000000e+00
  +2.60000000000000008882e+00
  +2.70000000000000017764e+00
  +2.80000000000000026645e+00
  +2.90000000000000035527e+00
  +3.00000000000000000000e+00
  +3.10000000000000008882e+00
  +3.20000000000000017764e+00
  +3.30000000000000026645e+00
  +3.40000000000000035527e+00
  +3.50000000000000000000e+00
  +3.60000000000000008882e+00
  +3.70000000000000017764e+00
  +3.80000000000000026645e+00
  +3.90000000000000035527e+00
  +4.00000000000000000000e+00
  +4.10000000000000053291e+00
  +4.20000000000000017764e+00
  +4.29999999999999982236e+00
  +4.40000000000000035527e+00
  +4.50000000000000000000e+00
  +4.60000000000000053291e+00
  +4.70000000000000017764e+00
  +4.80000000000000071054e+00
  +4.90000000000000035527e+00
  +5.00000000000000000000e+00
  +5.10000000000000053291e+00
  +5.20000000000000017764e+00
  +5.30000000000000071054e+00
  +5.40000000000000035527e+00
  +5.50000000000000000000e+00
  +5.60000000000000053291e+00
  +5.70000000000000017764e+00
  +5.80000000000000071054e+00
  +5.90000000000000035527e+00
  +6.00000000000000000000e+00
  +6.10000000000000053291e+00
  +6.20000000000000017764e+00
  +6.30000000000000071054e+00
  +6.40000000000000035527e+00
  +6.50000000000000000000e+00
  +6.60000000000000053291e+00
  +6.70000000000000017764e+00
  +6.80000000000000071054e+00
  +6.90000000000000035527e+00
  +7.00000000000000000000e+00
  +7.10000000000000053291e+00
  +7.20000000000000017764e+00
  +7.30000000000000071054e+00
  +7.40000000000000035527e+00
  +7.50000000000000000000e+00
  +7.60000000000000053291e+00
  +7.70000000000000017764e+00
  +7.80000000000000071054e+00
  +7.90000000000000035527e+00
  +8.00000000000000000000e+00
  +8.09999999999999964473e+00
  +8.20000000000000106581e+00
  +8.30000000000000071054e+00
  +8.40000000000000035527e+00
  +8.50000000000000000000e+00
  +8.59999999999999964473e+00
  +8.70000000000000106581e+00
  +8.80000000000000071054e+00
  +8.90000000000000035527e+00
  +9.00000000000000000000e+00
  +9.09999999999999964473e+00
  +9.20000000000000106581e+00
  +9.30000000000000071054e+00
  +9.40000000000000035527e+00
  +9.50000000000000000000e+00
  +9.60000000000000142109e+00
  +9.70000000000000106581e+00
  +9.80000000000000071054e+00
  +9.90000000000000035527e+00
  +1.00000000000000000000e+01
  +0.00000000000000000000e+00
  +1.00000000000000005551e-01
  +2.00000000000000011102e-01
  +3.00000000000000044409e-01
  +4.00000000000000022204e-01
  +5.00000000000000000000e-01
  +6.00000000000000088818e-01
  +7.00000000000000066613e-01
  +8.00000000000000044409e-01
  +9.00000000000000022204e-01
  +1.00000000000000000000e+00
  +1.10000000000000008882e+00
  +1.20000000000000017764e+00
  +1.30000000000000004441e+00
  +1.40000000000000013323e+00
  +1.50000000000000000000e+00
  +1.60000000000000008882e+00
  +1.70000000000000017764e+00
  +1.80000000000000004441e+00
  +1.90000000000000013323e+00
  +2.00000000000000000000e+00
  +2.10000000000000008882e+00
  +2.20000000000000017764e+00
  +2.30000000000000026645e+00
  +2.40000000000000035527e+00
  +2.50000000000000000000e+00
  +2.60000000000000008882e+00
  +2.70000000000000017764e+00
  +2.80000000000000026645e+00
  +2.90000000000000035527e+00
  +3.00000000000000000000e+00
  +3.10000000000000008882e+00
  +3.20000000000000017764e+00
  +3.30000000000000026645e+00
  +3.40000000000000035527e+00
  +3.50000000000000000000e+00
  +3.60000000000000008882e+00
  +3.70000000000000017764e+00
  +3.80000000000000026645e+00
  +3.90000000000000035527e+00
  +4.00000000000000000000e+00
  +4.10000000000000053291e+00
  +4.20000000000000017764e+00
  +4.29999999999999982236e+00
  +4.40000000000000035527e+00
  +4.50000000000000000000e+00
  +4.60000000000000053291e+00
  +4.70000000000000017764e+00
  +4.80000000000000071054e+00
  +4.90000000000000035527e+00
  +5.00000000000000000000e+00
  +5.10000000000000053291e+00
  +5.20000000000000017764e+00
  +5.30000000000000071054e+00
  +5.40000000000000035527e+00
  +5.50000000000000000000e+00
  +5.60000000000000053291e+00
  +5.70000000000000017764e+00
  +5.80000000000000071054e+00
  +5.90000000000000035527e+00
  +6.00000000000000000000e+00
  +6.10000000000000053291e+00
  +6.20000000000000017764e+00
  +6.30000000000000071054e+00
  +6.40000000000000035527e+00
  +6.50000000000000000000e+00
  +6.60000000000000053291e+00
  +6.70000000000000017764e+00
  +6.80000000000000071054e+00
  +6.90000000000000035527e+00
  +7.00000000000000000000e+00
  +7.10000000000000053291e+00
  +7.20000000000000017764e+00
  +7.30000000000000071054e+00
  +7.40000000000000035527e+00
  +7.50000000000000000000e+00
  +7.60000000000000053291e+00
  +7.70000000000000017764e+00
  +7.80000000000000071054e+00
  +7.90000000000000035527e+00
  +8.00000000000000000000e+00
  +8.09999999999999964473e+00
  +8.20000000000000106581e+00
  +8.30000000000000071054e+00
  +8.40000000000000035527e+00
  +8.50000000000000000000e+00
  +8.59999999999999964473e+00
  +8.70000000000000106581e+00
  +8.80000000000000071054e+00
  +8.90000000000000035527e+00
  +9.00000000000000000000e+00
  +9.09999999999999964473e+00
  +9.20000000000000106581e+00
  +9.30000000000000071054e+00
  +9.40000000000000035527e+00
  +9.50000000000000000000e+00
  +9.60000000000000142109e+00
  +9.70000000000000106581e+00
  +9.80000000000000071054e+00
  +9.90000000000000035527e+00
  +1.00000000000000000000e+01
  +0.00000000000000000000e+00
  +1.00000000000000005551e-01
  +2.00000000000000011102e-01
  +3.00000000000000044409e-01
  +4.00000000000000022204e-01
  +5.00000000000000000000e-01
  +6.00000000000000088818e-01
  +7.00000000000000066613e-01
  +8.00000000000000044409e-01
  +9.00000000000000022204e-01
  +1.00000000000000000000e+00
  +1.10000000000000008882e+00
  +1.20000000000000017764e+00
  +1.30000000000000004441e+00
  +1.40000000000000013323e+00
  +1.50000000000000000000e+00
  +1.60000000000000008882e+00
  +1.70000000000000017764e+00
  +1.80000000000000004441e+00
  +1.90000000000000013323e+00
  +2.00000000000000000000e+00
  +2.10000000000000008882e+00
  +2.20000000000000017764e+00
  +2.30000000000000026645e+00
  +2.40000000000000035527e+00
  +2.50000000000000000000e+00
  +2.60000000000000008882e+00
  +2.70000000000000017764e+00
  +2.80000000000000026645e+00
  +2.90000000000000035527e+00
  +3.00000000000000000000e+00
  +3.10000000000000008882e+00
  +3.20000000000000017764e+00
  +3.30000000000000026645e+00
  +3.40000000000000035527e+00
  +3.50000000000000000000e+00
  +3.60000000000000008882e+00
  +3.70000000000000017764e+00
  +3.80000000000000026645e+00
  +3.90000000000000035527e+00
  +4.00000000000000000000e+00
  +4.10000000000000053291e+00
  +4.20000000000000017764e+00
  +4.29999999999999982236e+00
  +4.40000000000000035527e+00
  +4.50000000000000000000e+00
  +4.60000000000000053291e+00
  +4.70000000000000017764e+00
  +4.80000000000000071054e+00
  +4.90000000000000035527e+00
  +5.00000000000000000000e+00
  +5.10000000000000053291e+00
  +5.20000000000000017764e+00
  +5.30000000000000071054e+00
  +5.40000000000000035527e+00
  +5.50000000000000000000e+00
  +5.60000000000000053291e+00
  +5.70000000000000017764e+00
  +5.80000000000000071054e+00
  +5.90000000000000035527e+00
  +6.00000000000000000000e+00
  +6.10000000000000053291e+00
  +6.20000000000000017764e+00
  +6.30000000000000071054e+00
  +6.40000000000000035527e+00
  +6.50000000000000000000e+00
  +6.60000000000000053291e+00
  +6.70000000000000017764e+00
  +6.80000000000000071054e+00
  +6.90000000000000035527e+00
  +7.00000000000000000000e+00
  +7.10000000000000053291e+00
  +7.20000000000000017764e+00
  +7.30000000000000071054e+00
  +7.40000000000000035527e+00
  +7.50000000000000000000e+00
  +7.60000000000000053291e+00
  +7.70000000000000017764e+00
  +7.80000000000000071054e+00
  +7.90000000000000035527e+00
  +8.00000000000000000000e+00
  +8.09999999999999964473e+00
  +8.20000000000000106581e+00
  +8.30000000000000071054e+00
  +8.40000000000000035527e+00
  +8.50000000000000000000e+00
  +8.59999999999999964473e+00
  +8.70000000000000106581e+00
  +8.80000000000000071054e+00
  +8.90000000000000035527e+00
  +9.00000000000000000000e+00
  +9.09999999999999964473e+00
  +9.20000000000000106581e+00
  +9.30000000000000071054e+00
  +9.40000000000000035527e+00
  +9.50000000000000000000e+00
  +9.60000000000000142109e+00
  +9.70000000000000106581e+00
  +9.80000000000000071054e+00
  +9.90000000000000035527e+00
  +1.00000000000000000000e+01
</dep>
