<Qucs Dataset 0.0.19>
<indep time 201>
  +0.00000000000000000000e+00
  +1.00000000000000008180e-05
  +2.00000000000000016361e-05
  +3.00000000000000041482e-05
  +4.00000000000000032721e-05
  +5.00000000000000023961e-05
  +6.00000000000000082963e-05
  +7.00000000000000074203e-05
  +8.00000000000000065442e-05
  +9.00000000000000056682e-05
  +1.00000000000000004792e-04
  +1.10000000000000003916e-04
  +1.20000000000000016593e-04
  +1.30000000000000015717e-04
  +1.40000000000000014841e-04
  +1.50000000000000013965e-04
  +1.60000000000000013088e-04
  +1.70000000000000012212e-04
  +1.80000000000000011336e-04
  +1.90000000000000010460e-04
  +2.00000000000000009584e-04
  +2.10000000000000008708e-04
  +2.20000000000000007832e-04
  +2.30000000000000006956e-04
  +2.40000000000000033185e-04
  +2.50000000000000005204e-04
  +2.60000000000000031433e-04
  +2.70000000000000003452e-04
  +2.80000000000000029681e-04
  +2.90000000000000001700e-04
  +3.00000000000000027929e-04
  +3.09999999999999999948e-04
  +3.20000000000000026177e-04
  +3.30000000000000052406e-04
  +3.40000000000000024425e-04
  +3.50000000000000050654e-04
  +3.60000000000000022673e-04
  +3.70000000000000048902e-04
  +3.80000000000000020921e-04
  +3.90000000000000047150e-04
  +4.00000000000000019169e-04
  +4.10000000000000045398e-04
  +4.20000000000000017417e-04
  +4.30000000000000043646e-04
  +4.40000000000000015665e-04
  +4.50000000000000041894e-04
  +4.60000000000000013912e-04
  +4.70000000000000040142e-04
  +4.80000000000000066371e-04
  +4.90000000000000092600e-04
  +5.00000000000000010408e-04
  +5.10000000000000036637e-04
  +5.20000000000000062866e-04
  +5.30000000000000089095e-04
  +5.40000000000000006904e-04
  +5.50000000000000033133e-04
  +5.60000000000000059362e-04
  +5.70000000000000085591e-04
  +5.80000000000000003400e-04
  +5.90000000000000029629e-04
  +6.00000000000000055858e-04
  +6.10000000000000082087e-04
  +6.19999999999999999896e-04
  +6.30000000000000026125e-04
  +6.40000000000000052354e-04
  +6.50000000000000078583e-04
  +6.60000000000000104812e-04
  +6.70000000000000022621e-04
  +6.80000000000000048850e-04
  +6.90000000000000075079e-04
  +7.00000000000000101308e-04
  +7.10000000000000019117e-04
  +7.20000000000000045346e-04
  +7.30000000000000071575e-04
  +7.40000000000000097804e-04
  +7.50000000000000015613e-04
  +7.60000000000000041842e-04
  +7.70000000000000068071e-04
  +7.80000000000000094300e-04
  +7.90000000000000012108e-04
  +8.00000000000000038337e-04
  +8.10000000000000064566e-04
  +8.20000000000000090795e-04
  +8.30000000000000117024e-04
  +8.40000000000000034833e-04
  +8.50000000000000061062e-04
  +8.60000000000000087291e-04
  +8.70000000000000113520e-04
  +8.80000000000000031329e-04
  +8.90000000000000057558e-04
  +9.00000000000000083787e-04
  +9.10000000000000110016e-04
  +9.20000000000000027825e-04
  +9.30000000000000054054e-04
  +9.40000000000000080283e-04
  +9.50000000000000106512e-04
  +9.60000000000000132741e-04
  +9.70000000000000050550e-04
  +9.80000000000000185199e-04
  +9.89999999999999994588e-04
  +1.00000000000000002082e-03
  +1.01000000000000004705e-03
  +1.02000000000000007327e-03
  +1.03000000000000009950e-03
  +1.04000000000000012573e-03
  +1.05000000000000015196e-03
  +1.06000000000000017819e-03
  +1.06999999999999998758e-03
  +1.08000000000000001381e-03
  +1.09000000000000004004e-03
  +1.10000000000000006627e-03
  +1.11000000000000009250e-03
  +1.12000000000000011872e-03
  +1.13000000000000014495e-03
  +1.14000000000000017118e-03
  +1.15000000000000019741e-03
  +1.16000000000000000680e-03
  +1.17000000000000003303e-03
  +1.18000000000000005926e-03
  +1.19000000000000008549e-03
  +1.20000000000000011172e-03
  +1.21000000000000013795e-03
  +1.22000000000000016417e-03
  +1.23000000000000019040e-03
  +1.23999999999999999979e-03
  +1.25000000000000002602e-03
  +1.26000000000000005225e-03
  +1.27000000000000007848e-03
  +1.28000000000000010471e-03
  +1.29000000000000013094e-03
  +1.30000000000000015717e-03
  +1.31000000000000018339e-03
  +1.32000000000000020962e-03
  +1.33000000000000001901e-03
  +1.34000000000000004524e-03
  +1.35000000000000007147e-03
  +1.36000000000000009770e-03
  +1.37000000000000012393e-03
  +1.38000000000000015016e-03
  +1.39000000000000017639e-03
  +1.40000000000000020262e-03
  +1.41000000000000001200e-03
  +1.42000000000000003823e-03
  +1.43000000000000006446e-03
  +1.44000000000000009069e-03
  +1.45000000000000011692e-03
  +1.46000000000000014315e-03
  +1.47000000000000016938e-03
  +1.48000000000000019561e-03
  +1.49000000000000022184e-03
  +1.50000000000000003123e-03
  +1.51000000000000005745e-03
  +1.52000000000000008368e-03
  +1.53000000000000010991e-03
  +1.54000000000000013614e-03
  +1.55000000000000016237e-03
  +1.56000000000000018860e-03
  +1.57000000000000021483e-03
  +1.58000000000000002422e-03
  +1.59000000000000005045e-03
  +1.60000000000000007667e-03
  +1.61000000000000010290e-03
  +1.62000000000000012913e-03
  +1.63000000000000015536e-03
  +1.64000000000000018159e-03
  +1.65000000000000020782e-03
  +1.66000000000000023405e-03
  +1.67000000000000004344e-03
  +1.68000000000000006967e-03
  +1.69000000000000009590e-03
  +1.70000000000000012212e-03
  +1.71000000000000014835e-03
  +1.72000000000000017458e-03
  +1.73000000000000020081e-03
  +1.74000000000000022704e-03
  +1.75000000000000003643e-03
  +1.76000000000000006266e-03
  +1.77000000000000008889e-03
  +1.78000000000000011512e-03
  +1.79000000000000014135e-03
  +1.80000000000000016757e-03
  +1.81000000000000019380e-03
  +1.82000000000000022003e-03
  +1.83000000000000024626e-03
  +1.84000000000000005565e-03
  +1.85000000000000008188e-03
  +1.86000000000000010811e-03
  +1.87000000000000013434e-03
  +1.88000000000000016057e-03
  +1.89000000000000018680e-03
  +1.90000000000000021302e-03
  +1.91000000000000023925e-03
  +1.92000000000000026548e-03
  +1.93000000000000007487e-03
  +1.94000000000000010110e-03
  +1.95000000000000012733e-03
  +1.96000000000000037040e-03
  +1.96999999999999996295e-03
  +1.97999999999999998918e-03
  +1.99000000000000001540e-03
  +2.00000000000000004163e-03
</indep>
<indep acfrequency 71>
  +1.00000000000000000000e+00
  +1.25892541179416728170e+00
  +1.58489319246111359796e+00
  +1.99526231496887973549e+00
  +2.51188643150958013095e+00
  +3.16227766016837952279e+00
  +3.98107170553497269339e+00
  +5.01187233627272377134e+00
  +6.30957344480193338399e+00
  +7.94328234724281756485e+00
  +1.00000000000000017764e+01
  +1.25892541179416745933e+01
  +1.58489319246111364237e+01
  +1.99526231496887973549e+01
  +2.51188643150958093031e+01
  +3.16227766016838032215e+01
  +3.98107170553497340393e+01
  +5.01187233627272377134e+01
  +6.30957344480193640379e+01
  +7.94328234724281969648e+01
  +1.00000000000000042633e+02
  +1.25892541179416767250e+02
  +1.58489319246111392658e+02
  +1.99526231496888016181e+02
  +2.51188643150958057504e+02
  +3.16227766016837961160e+02
  +3.98107170553497269339e+02
  +5.01187233627272689773e+02
  +6.30957344480193796699e+02
  +7.94328234724282083334e+02
  +1.00000000000000068212e+03
  +1.25892541179416798514e+03
  +1.58489319246111426764e+03
  +1.99526231496888044603e+03
  +2.51188643150958114347e+03
  +3.16227766016838040741e+03
  +3.98107170553497689980e+03
  +5.01187233627272416925e+03
  +6.30957344480193842173e+03
  +7.94328234724281537638e+03
  +1.00000000000000090949e+04
  +1.25892541179416712112e+04
  +1.58489319246111463144e+04
  +1.99526231496888285619e+04
  +2.51188643150958159822e+04
  +3.16227766016838395444e+04
  +3.98107170553497417131e+04
  +5.01187233627272944432e+04
  +6.30957344480193423806e+04
  +7.94328234724282374373e+04
  +1.00000000000000014552e+05
  +1.25892541179416846717e+05
  +1.58489319246111350367e+05
  +1.99526231496888125548e+05
  +2.51188643150958436308e+05
  +3.16227766016838198993e+05
  +3.98107170553497853689e+05
  +5.01187233627272595186e+05
  +6.30957344480194151402e+05
  +7.94328234724281937815e+05
  +1.00000000000000128057e+06
  +1.25892541179416771047e+06
  +1.58489319246111530811e+06
  +1.99526231496888003312e+06
  +2.51188643150958279148e+06
  +3.16227766016838513315e+06
  +3.98107170553497597575e+06
  +5.01187233627273142338e+06
  +6.30957344480193778872e+06
  +7.94328234724282752723e+06
  +1.00000000000000055879e+07
</indep>
<dep Av acfrequency>
  -5.89977726327106655191e-01-j1.44653477553791565136e+00
  -8.63056764594805070345e-01-j1.68086418605126586279e+00
  -1.21908765714101763322e+00-j1.88594141278500404546e+00
  -1.64804938189141214622e+00-j2.02517931845799825652e+00
  -2.11835804018492623868e+00-j2.06772428467219970827e+00
  -2.58354663535212392134e+00-j2.00313199744960535043e+00
  -2.99909315458983050107e+00-j1.84706942120068728919e+00
  -3.33783444323704214796e+00-j1.63289423136918343538e+00
  -3.59395904972603652539e+00-j1.39658182955067822206e+00
  -3.77681638376469486218e+00-j1.16578680193498906981e+00
  -3.90208312397941670113e+00-j9.56730853222052091134e-01
  -3.98548799398903019764e+00-j7.76202018920584269068e-01
  -4.03997253615961149364e+00-j6.24987995288940334504e-01
  -4.07512311936639193277e+00-j5.00765034504840111929e-01
  -4.09761809886436889627e+00-j3.99967535348326852507e-01
  -4.11193970100503047860e+00-j3.18815919939482272927e-01
  -4.12102764523529074836e+00-j2.53804191281338631381e-01
  -4.12678244862408849514e+00-j2.01885364300954744943e-01
  -4.13042176123935611542e+00-j1.60504665217227393548e-01
  -4.13272131680632437423e+00-j1.27564367065061357032e-01
  -4.13417355619899407060e+00-j1.01363584536697942662e-01
  -4.13509038257564753849e+00-j8.05338121985322008545e-02
  -4.13566907017288354353e+00-j6.39792322112099770548e-02
  -4.13603428070843115449e+00-j5.08249971213848850127e-02
  -4.13626474616814387986e+00-j4.03739781851252116374e-02
  -4.13641017325815329997e+00-j3.20713163306523482698e-02
  -4.13650193681048605754e+00-j2.54757146587120189563e-02
  -4.13655983779269487144e+00-j2.02363594647765598911e-02
  -4.13659637167670979352e+00-j1.60744495739166617931e-02
  -4.13661942333119636572e+00-j1.27684551654317617747e-02
  -4.13663396807408911826e+00-j1.01423736396262110376e-02
  -4.13664314523906639920e+00-j8.05638347252415204514e-03
  -4.13664893565966362843e+00-j6.39941155992737424618e-03
  -4.13665258917640787928e+00-j5.08322486078079983918e-03
  -4.13665489439295086527e+00-j4.03773501963167972401e-03
  -4.13665634888758138032e+00-j3.20726758695508889010e-03
  -4.13665726661217636462e+00-j2.54759799412003279037e-03
  -4.13665784565745919821e+00-j2.02359685605800910385e-03
  -4.13665821101041597530e+00-j1.60735941501730377097e-03
  -4.13665844153257911131e+00-j1.27671961651364867033e-03
  -4.13665858698224386814e+00-j1.01406973925405536133e-03
  -4.13665867875478010518e+00-j8.05422746411278895652e-04
  -4.13665873665933503389e+00-j6.39667438260483906670e-04
  -4.13665877319463159978e+00-j5.07976746968434632670e-04
  -4.13665879624683618943e+00-j4.03337666397106094172e-04
  -4.13665881079177655266e+00-j3.20177785634660836810e-04
  -4.13665881996898843198e+00-j2.54068538636938417823e-04
  -4.13665882575937526866e+00-j2.01489367358968204718e-04
  -4.13665882941279772211e+00-j1.59640239412911814302e-04
  -4.13665883171784631855e+00-j1.26292536239092209518e-04
  -4.13665883317206883873e+00-j9.96703710941510402730e-05
  -4.13665883408935908250e+00-j7.83560166327978475541e-05
  -4.13665883466771511223e+00-j6.12144057702584720769e-05
  -4.13665883503197573390e+00-j4.73326852276579877776e-05
  -4.13665883526076516574e+00-j3.59716027695394395319e-05
  -4.13665883540347056879e+00-j2.65261393283092927677e-05
  -4.13665883549089219429e+00-j1.84932895335178586573e-05
  -4.13665883554190205729e+00-j1.14452748420883170910e-05
  -4.13665883556750824113e+00-j5.00676277120873667930e-06
  -4.13665883557323965647e+00+j1.16512092492356847205e-06
  -4.13665883556033442403e+00+j7.39905155892691901117e-06
  -4.13665883552600455175e+00+j1.40270086691083030282e-05
  -4.13665883546283996708e+00+j2.14019551404002642903e-05
  -4.13665883535720979580e+00+j2.99166337649929929001e-05
  -4.13665883518630828064e+00+j4.00244822280215677254e-05
  -4.13665883491325203636e+00+j5.22637803174912229519e-05
  -4.13665883447909710213e+00+j6.72863152852863963651e-05
  -4.13665883379013532561e+00+j8.58920918939930764548e-05
  -4.13665883269765100039e+00+j1.09071935585553324972e-04
  -4.13665883096583186784e+00+j1.38060257544754582185e-04
  -4.13665882822086228288e+00+j1.74400791587425637317e-04
</dep>
<dep Pr1.It time>
  +2.48873745769669085792e-03
  +2.51474939567686338673e-03
  +2.54073313643037425671e-03
  +2.56658421021579768659e-03
  +2.59219780445828044957e-03
  +2.61746922737895581362e-03
  +2.64229438502914821402e-03
  +2.66657026630434538031e-03
  +2.69019543276934752773e-03
  +2.71307050994549743897e-03
  +2.73509867664351860247e-03
  +2.75618614889492795014e-03
  +2.77624265503918950249e-03
  +2.79518189856230387172e-03
  +2.81292200535320511059e-03
  +2.82938595214491783042e-03
  +2.84450197303676632563e-03
  +2.85820394114912404437e-03
  +2.87043172264121347267e-03
  +2.88113150052368965220e-03
  +2.89025606591784400140e-03
  +2.89776507465131947724e-03
  +2.90362526733287931377e-03
  +2.90781065131497616638e-03
  +2.91030264322932096313e-03
  +2.91109017106682766221e-03
  +2.91016973506528359161e-03
  +2.90754542696592581733e-03
  +2.90322890750004418067e-03
  +2.89723934226785275262e-03
  +2.88960329647205797776e-03
  +2.88035458926554684828e-03
  +2.86953410876453034184e-03
  +2.85718958906385411475e-03
  +2.84337535086688630859e-03
  +2.82815200760764846183e-03
  +2.81158613919454611341e-03
  +2.79374993574150716838e-03
  +2.77472081387143947734e-03
  +2.75458100837608138231e-03
  +2.73341714219389264953e-03
  +2.71131977782069783639e-03
  +2.68838295339497409045e-03
  +2.66470370679812093573e-03
  +2.64038159117820471836e-03
  +2.61551818534141826411e-03
  +2.59021660245736806694e-03
  +2.56458100049065723311e-03
  +2.53871609770099085010e-03
  +2.51272669644685489598e-03
  +2.48671721838289103146e-03
  +2.46079125395915138466e-03
  +2.43505112891247285298e-03
  +2.40959749018743087795e-03
  +2.38452891343967580268e-03
  +2.35994153396062479600e-03
  +2.33592870252387124416e-03
  +2.31258066729493096114e-03
  +2.28998428257256442242e-03
  +2.26822274474895377305e-03
  +2.24737535549342616961e-03
  +2.22751731178911583156e-03
  +2.20871952209089356806e-03
  +2.19104844753451868597e-03
  +2.17456596681981674524e-03
  +2.15932926312177369751e-03
  +2.14539073116040224579e-03
  +2.13279790238951865583e-03
  +2.12159338615081159013e-03
  +2.11181482458705537322e-03
  +2.10349485911897780485e-03
  +2.09666110636460515521e-03
  +2.09133614151622588412e-03
  +2.08753748738517473996e-03
  +2.08527760757321522708e-03
  +2.08456390252414851261e-03
  +2.08539870754156963020e-03
  +2.08777929221936903864e-03
  +2.09169786110846665089e-03
  +2.09714155582603001618e-03
  +2.10409245918962654193e-03
  +2.11252760231735430690e-03
  +2.12241897596481465457e-03
  +2.13373354766147743655e-03
  +2.14643328645332037360e-03
  +2.16047519724949649289e-03
  +2.17581136690226046096e-03
  +2.19238902421879395394e-03
  +2.21015061610922627228e-03
  +2.22903390201773269827e-03
  +2.24897206866529145858e-03
  +2.26989386695764308599e-03
  +2.29172377268500957609e-03
  +2.31438217236832211726e-03
  +2.33778557529633682077e-03
  +2.36184685245798475436e-03
  +2.38647550271170417677e-03
  +2.41157794615724568529e-03
  +2.43705784429285119558e-03
  +2.46281644616003604978e-03
  +2.48875295930578747591e-03
  +2.51476494403451338380e-03
  +2.54074872908535611543e-03
  +2.56659984655880886797e-03
  +2.59221348363415432167e-03
  +2.61748494836922711640e-03
  +2.64231014665890565074e-03
  +2.66658606724931275880e-03
  +2.69021127156325806987e-03
  +2.71308638498760123017e-03
  +2.73511458620631165220e-03
  +2.75620209113193459505e-03
  +2.77625862799284368887e-03
  +2.79519790017188855119e-03
  +2.81293803346277949268e-03
  +2.82940200451129017165e-03
  +2.84451804733740817172e-03
  +2.85822003499007579880e-03
  +2.87044783356494312768e-03
  +2.88114762601690554966e-03
  +2.89027220341926726135e-03
  +2.89778122155938747118e-03
  +2.90364142101344696947e-03
  +2.90782680910891535783e-03
  +2.91031880246015806427e-03
  +2.91110632904828395620e-03
  +2.91018588910884863988e-03
  +2.90756157438840524138e-03
  +2.90324504563109226513e-03
  +2.89725546845752109440e-03
  +2.88961940809837882979e-03
  +2.88037068374209477908e-03
  +2.86955018354807193243e-03
  +2.85720564166198637973e-03
  +2.84339137884572629167e-03
  +2.82816800859955882683e-03
  +2.81160211090587417934e-03
  +2.79376587596040677763e-03
  +2.77473672047561913806e-03
  +2.75459687934066256576e-03
  +2.73343297559915619777e-03
  +2.71133557185986029392e-03
  +2.68839870638188727439e-03
  +2.66471941717489084131e-03
  +2.64039725752265299827e-03
  +2.61553380637440189421e-03
  +2.59023217704988650834e-03
  +2.56459652767068333953e-03
  +2.53873157665999386184e-03
  +2.51274212654598472910e-03
  +2.48673259915862003219e-03
  +2.46080658512852880684e-03
  +2.43506641037771840580e-03
  +2.40961272203992458996e-03
  +2.38454409596321713349e-03
  +2.35995666763387642803e-03
  +2.33594378802198451850e-03
  +2.31259570549019466412e-03
  +2.28999927453408863229e-03
  +2.26823769174126776971e-03
  +2.24739025897399604531e-03
  +2.22753217340470981156e-03
  +2.20873434367274603524e-03
  +2.19106323109230028204e-03
  +2.17458071453439016549e-03
  +2.15934397733673301076e-03
  +2.14540541437244344433e-03
  +2.13281255723763232823e-03
  +2.12160801540438532023e-03
  +2.11182943113293270301e-03
  +2.10350944594757307410e-03
  +2.09667567655516052030e-03
  +2.09135069822128771139e-03
  +2.08755203381448539712e-03
  +2.08529214697711394802e-03
  +2.08457843817656937255e-03
  +2.08541324272288643160e-03
  +2.08779383019913914940e-03
  +2.09171240512831362046e-03
  +2.09715610908274043001e-03
  +2.10410702481865323488e-03
  +2.11254218337682741699e-03
  +2.12243357542022401466e-03
  +2.13374816837114946941e-03
  +2.14644793115475107301e-03
  +2.16048986854670312108e-03
  +2.17582606725414242146e-03
  +2.19240375592864595450e-03
  +2.21016538131543760493e-03
  +2.22904870268562536537e-03
  +2.24898690658025023417e-03
  +2.26990874371940697454e-03
  +2.29173868970321357313e-03
  +2.31439713085917347923e-03
  +2.33780057628047441623e-03
  +2.36186189675942782157e-03
  +2.38649059095786056361e-03
  +2.41159307877985250312e-03
  +2.43707302152989906119e-03
  +2.46283166805853857145e-03
  +2.48876822572526371080e-03
</dep>
<dep V1.It time>
  -2.66417605418791877958e-03
  -2.68984861010455964664e-03
  -2.71549436046888796603e-03
  -2.74101016942849499275e-03
  -2.76629254753657819951e-03
  -2.79123811016498231050e-03
  -2.81574404937868279925e-03
  -2.83970861387444848539e-03
  -2.86303159383413316497e-03
  -2.88561480736311158288e-03
  -2.90736258511653739359e-03
  -2.92818224968494902546e-03
  -2.94798458631434197666e-03
  -2.96668430157363003166e-03
  -2.98420046665233374902e-03
  -3.00045694207106642543e-03
  -3.01538278071583707579e-03
  -3.02891260626142596810e-03
  -3.04098696422708562534e-03
  -3.05155264310800165839e-03
  -3.06056296324492670829e-03
  -3.06797803133130849232e-03
  -3.07376495870869499358e-03
  -3.07789804186619228923e-03
  -3.08035890383494314129e-03
  -3.08113659545350762614e-03
  -3.08022765577070818666e-03
  -3.07763613114903945844e-03
  -3.07337355293035808732e-03
  -3.06745887382539519223e-03
  -3.05991836348750486513e-03
  -3.05078546402674658303e-03
  -3.04010060651104755541e-03
  -3.02791098978527281615e-03
  -3.01427032321350011831e-03
  -2.99923853521382854231e-03
  -2.98288144970555290508e-03
  -2.96527043282384696055e-03
  -2.94648201247508763692e-03
  -2.92659747350406404878e-03
  -2.90570243142087561092e-03
  -2.88388638778743411004e-03
  -2.86124227048977289312e-03
  -2.83786596221997748646e-03
  -2.81385582055893165507e-03
  -2.78931219308613731131e-03
  -2.76433693094408879445e-03
  -2.73903290425050191872e-03
  -2.71350352268096180197e-03
  -2.68785226443698545273e-03
  -2.66218221666923932425e-03
  -2.63659563024347181823e-03
  -2.61119349151861437214e-03
  -2.58607511355364843436e-03
  -2.56133774887517791721e-03
  -2.53707622562390896701e-03
  -2.51338260855978349803e-03
  -2.49034588604703580050e-03
  -2.46805168376737363647e-03
  -2.44658200552894588772e-03
  -2.42601500115665084586e-03
  -2.40642476107460036652e-03
  -2.38788113683113464858e-03
  -2.37044958647909939295e-03
  -2.35419104341773365377e-03
  -2.33916180703443469732e-03
  -2.32541345326253007242e-03
  -2.31299276300143052607e-03
  -2.30194166623279381639e-03
  -2.29229719961486369875e-03
  -2.28409147534890631659e-03
  -2.27735165918714448086e-03
  -2.27209995558908103494e-03
  -2.26835359822939687177e-03
  -2.26612484431042409544e-03
  -2.26542097142831818854e-03
  -2.26624427607563776882e-03
  -2.26859207322501659279e-03
  -2.27245669681680776894e-03
  -2.27782550135766049745e-03
  -2.28468086521449540577e-03
  -2.29300019654823765414e-03
  -2.30275594316277235421e-03
  -2.31391560783754954636e-03
  -2.32644177095783690618e-03
  -2.34029212244871035256e-03
  -2.35541950515153440671e-03
  -2.37177197185224532955e-03
  -2.38929285817750247656e-03
  -2.40792087351843079115e-03
  -2.42759021202436798409e-03
  -2.44823068553496779251e-03
  -2.46976788009289514522e-03
  -2.49212333740839566201e-03
  -2.51521476233740716791e-03
  -2.53895625709555207775e-03
  -2.56325858256838037125e-03
  -2.58802944670252950410e-03
  -2.61317381958036136155e-03
  -2.63859427440036068899e-03
  -2.66419135321348905451e-03
  -2.68986395590845852807e-03
  -2.71550975060231604419e-03
  -2.74102560328115009425e-03
  -2.76630802425328805455e-03
  -2.79125362872727688854e-03
  -2.81575960861164559940e-03
  -2.83972421245379897867e-03
  -2.86304723029359980274e-03
  -2.88563048010193968010e-03
  -2.90737829240721775553e-03
  -2.92819798968100165198e-03
  -2.94800035705819560988e-03
  -2.96670010100456328639e-03
  -2.98421629261440063061e-03
  -3.00047279232106998623e-03
  -3.01539865293124539208e-03
  -3.02892849804827380550e-03
  -3.04100287312783577193e-03
  -3.05156856660935811923e-03
  -3.06057889878560626662e-03
  -3.06799397630974288176e-03
  -3.07378091049073480512e-03
  -3.07791399779270462636e-03
  -3.08037486122944960745e-03
  -3.08115255162972430034e-03
  -3.08024360804012072718e-03
  -3.07765207682844784895e-03
  -3.07338948934941184193e-03
  -3.06747479833414157108e-03
  -3.05993427346397091696e-03
  -3.05080135688450253956e-03
  -3.04011647970685479347e-03
  -3.02792684082672357987e-03
  -3.01428614966670711459e-03
  -2.99925433471114923079e-03
  -2.98289721995332983429e-03
  -2.96528617161022963605e-03
  -2.94649771767777936271e-03
  -2.92661314309818152563e-03
  -2.90571806348669491038e-03
  -2.88390198051816700614e-03
  -2.86125782219926686617e-03
  -2.83788147135033289384e-03
  -2.81387128568796624634e-03
  -2.78932761293470242447e-03
  -2.76435230438317955381e-03
  -2.73904823030808640752e-03
  -2.71351880054850449001e-03
  -2.68786749347563148557e-03
  -2.66219739641545671133e-03
  -2.63661076041430460920e-03
  -2.61120857201627750571e-03
  -2.58609014446951673491e-03
  -2.56135273049304694123e-03
  -2.53709115842243619274e-03
  -2.51339749321411549607e-03
  -2.49036072342945658670e-03
  -2.46806647494698851858e-03
  -2.44659675177027980883e-03
  -2.42602970391716469406e-03
  -2.40643942200105803025e-03
  -2.38789575775476530656e-03
  -2.37046416940956848271e-03
  -2.35420559053589953380e-03
  -2.33917632068388709962e-03
  -2.32542793593995978513e-03
  -2.31300721734582336725e-03
  -2.30195609501353303308e-03
  -2.29231160571878762877e-03
  -2.28410586176642496289e-03
  -2.27736602899749479567e-03
  -2.27211431194480461410e-03
  -2.26836794434023174619e-03
  -2.26613918342670472850e-03
  -2.26543530682397345130e-03
  -2.26625861103103712693e-03
  -2.26860641100971264367e-03
  -2.27247104067241885786e-03
  -2.27783985448096887305e-03
  -2.28469523074094913243e-03
  -2.29301457753596209937e-03
  -2.30277034257725214672e-03
  -2.31393002853710677211e-03
  -2.32645621567996322213e-03
  -2.34030659379741781678e-03
  -2.35543400558571765224e-03
  -2.37178650367519429365e-03
  -2.38930742352760211444e-03
  -2.40793547436099790102e-03
  -2.42760485014478300317e-03
  -2.44824536253296452110e-03
  -2.46978259737810380836e-03
  -2.49213809619701917933e-03
  -2.51522956365007963747e-03
  -2.53897110175628753365e-03
  -2.56327347120458232457e-03
  -2.58804437974593029570e-03
  -2.61318879726894683774e-03
  -2.63860929678113968755e-03
  -2.66420642014597586211e-03
</dep>
<dep V3.It time>
  +0.00000000000000000000e+00
  -9.67243103056191110952e-07
  -1.93051566375510038042e-06
  -2.88602037903902397526e-06
  -3.82998629433880831755e-06
  -4.75868804373245628150e-06
  -5.66846048952241450926e-06
  -6.55571319952684252380e-06
  -7.41694461121057686234e-06
  -8.24875586534625860127e-06
  -9.04786420131051408796e-06
  -9.81111593224676838804e-06
  -1.05354988711539050418e-05
  -1.12181542317017592846e-05
  -1.18563879158215906118e-05
  -1.24476811191324861883e-05
  -1.29897003053795792425e-05
  -1.34803063927053571838e-05
  -1.39175632106600645163e-05
  -1.42997451276754727510e-05
  -1.46253438667651571112e-05
  -1.48930744597145573843e-05
  -1.51018803255503375092e-05
  -1.52509374199998447449e-05
  -1.53396575092601862719e-05
  -1.53676904759074481192e-05
  -1.53349257087761701708e-05
  -1.52414925419348266841e-05
  -1.50877597328100657062e-05
  -1.48743340174972584042e-05
  -1.46020577144440435232e-05
  -1.42720053966166387035e-05
  -1.38854796505938454359e-05
  -1.34440059393282820149e-05
  -1.29493265835308137603e-05
  -1.24033938783349038433e-05
  -1.18083623919145769857e-05
  -1.11665804658078082523e-05
  -1.04805809433942202341e-05
  -9.75307117198873942381e-06
  -8.98692232510102040279e-06
  -8.18515806571560204988e-06
  -7.35094261307305457459e-06
  -6.48756825471802959463e-06
  -5.59844236197849445005e-06
  -4.68707392995623091299e-06
  -3.75705973417925529495e-06
  -2.81207014080626084316e-06
  -1.85583461396738422610e-06
  -8.92127004056784790832e-07
  +7.52493569123656658902e-08
  +1.04247664970142085876e-06
  +2.00573764959397826191e-06
  +2.96123078274146699806e-06
  +3.90518512785083977414e-06
  +4.83387530933105658817e-06
  +5.74363618763740291180e-06
  +6.63087732786732439569e-06
  +7.49209717175879056522e-06
  +8.32389685894018314721e-06
  +9.12299362868624058988e-06
  +9.88623379008981795983e-06
  +1.06106051597835989402e-05
  +1.12932489518387836342e-05
  +1.19314710622632064705e-05
  +1.25227526946900450359e-05
  +1.30647603101602781807e-05
  +1.35553548280146908246e-05
  +1.39926000752969909626e-05
  +1.43747704193763947071e-05
  +1.47003575856031193104e-05
  +1.49680766100235817780e-05
  +1.51768709054405936422e-05
  +1.53259164314583211397e-05
  +1.54146249502800484240e-05
  +1.54426463500883624379e-05
  +1.54098700197472798117e-05
  +1.53164252889058075558e-05
  +1.51626809193481276093e-05
  +1.49492436478293261385e-05
  +1.46769557896919343004e-05
  +1.43468919198198353870e-05
  +1.39603546262889006372e-05
  +1.35188693712129824398e-05
  +1.30241784737492420496e-05
  +1.24782342319171770127e-05
  +1.18831912121484212328e-05
  +1.12413977582927534094e-05
  +1.05553867092346973145e-05
  +9.82786541853791598166e-06
  +9.06170505518044280639e-06
  +8.25992928261248488887e-06
  +7.42570232000635852367e-06
  +6.56231645766325869451e-06
  +5.67317906342860049570e-06
  +4.76179913139764745959e-06
  +3.83177344197008481271e-06
  +2.88677235593475572988e-06
  +1.93052534085388290231e-06
  +9.66806241672519684667e-07
  -5.81604787004734617847e-10
  -9.67820381681566330699e-07
  -1.93109286341729340059e-06
  -2.88659747692142295709e-06
  -3.83056330329123595485e-06
  -4.75926496376949509349e-06
  -5.66903732065864616812e-06
  -6.55628994047611272065e-06
  -7.41752126404349151808e-06
  -8.24933242936157692655e-06
  -9.04844067852571779127e-06
  -9.81169231883331767572e-06
  -1.05360751691931411303e-05
  -1.12187304427145620179e-05
  -1.18569640345511295238e-05
  -1.24482571509305627733e-05
  -1.29902762480694983969e-05
  -1.34808822488477215301e-05
  -1.39181389778044246788e-05
  -1.43003208042312922842e-05
  -1.46259194543273126574e-05
  -1.48936499619824568703e-05
  -1.51024557364783103790e-05
  -1.52515127430769738682e-05
  -1.53402327427398202549e-05
  -1.53682656207738527990e-05
  -1.53355007668209388156e-05
  -1.52420675096209529939e-05
  -1.50883346119295783241e-05
  -1.48749088080653412428e-05
  -1.46026324164761955914e-05
  -1.42725800101280371376e-05
  -1.38860541755997791806e-05
  -1.34445803758441450470e-05
  -1.29499009315718916364e-05
  -1.24039681379163245717e-05
  -1.18089365630515126206e-05
  -1.11671545485153918845e-05
  -1.04811549376875697074e-05
  -9.75364507788281672840e-06
  -8.98749614261073331845e-06
  -8.18573179485558730594e-06
  -7.35151625385811322477e-06
  -6.48814180716279582717e-06
  -5.59901582609776677756e-06
  -4.68764730398811897179e-06
  -3.75763302169090662876e-06
  -2.81264334003540688808e-06
  -1.85640772492811833983e-06
  -8.92700024987053979349e-07
  +7.46764224462270237127e-08
  +1.04190380523820902866e-06
  +2.00516489156757570544e-06
  +2.96065811291468586252e-06
  +3.90461254621018131897e-06
  +4.83330281586340323763e-06
  +5.74306378232958160949e-06
  +6.63030501070632471554e-06
  +7.49152494450785812365e-06
  +8.32332471803412323494e-06
  +9.12242157588872911605e-06
  +9.88566182538827987331e-06
  +1.06100332831656760303e-05
  +1.12926771650685338219e-05
  +1.19308993617758678804e-05
  +1.25221810840265270956e-05
  +1.30641887875320759042e-05
  +1.35547833934100355363e-05
  +1.39920287269280315860e-05
  +1.43741991590078396844e-05
  +1.46997864149996211797e-05
  +1.49675055273970692343e-05
  +1.51762999090033748513e-05
  +1.53253455229757499828e-05
  +1.54140541315167316997e-05
  +1.54420756192565456313e-05
  +1.54092993768356939966e-05
  +1.53158547339030652211e-05
  +1.51621104522430614727e-05
  +1.49486732686105012552e-05
  +1.46763854983476345106e-05
  +1.43463217145623163405e-05
  +1.39597845088831435208e-05
  +1.35182993416474405004e-05
  +1.30236085337886796338e-05
  +1.24776643779968847610e-05
  +1.18826214460326739066e-05
  +1.12408280799700584658e-05
  +1.05548171204687348977e-05
  +9.82729591576408854057e-06
  +9.06113564016280487396e-06
  +8.25935995533846310801e-06
  +7.42513308046332024502e-06
  +6.56174730761477479512e-06
  +5.67260999930931278894e-06
  +4.76123015674727359775e-06
  +3.83120455322245261049e-06
  +2.88620355485343691137e-06
  +1.92995662603839573363e-06
  +9.66237615883712153210e-07
  -1.15014295015587684107e-09
</dep>
<dep _net2.Vt time>
  +1.75438596491228149254e+00
  +1.76066453308761539098e+00
  +1.76691735528749571671e+00
  +1.77311975456509895999e+00
  +1.77924725305149000754e+00
  +1.78527566845850804711e+00
  +1.79118120953361259495e+00
  +1.79694056995308981683e+00
  +1.80253102030146816759e+00
  +1.80793049777413661339e+00
  +1.81311769324915061929e+00
  +1.81807213538460743507e+00
  +1.82277427140967840380e+00
  +1.82720554429046266876e+00
  +1.83134846596611855496e+00
  +1.83518668636625492674e+00
  +1.83870505793718685972e+00
  +1.84188969542241132160e+00
  +1.84472803066136714634e+00
  +1.84720886219023050501e+00
  +1.84932239944896670281e+00
  +1.85106030142020361318e+00
  +1.85241570954741252564e+00
  +1.85338327480250475432e+00
  +1.85395917879598837175e+00
  +1.85414114884642278192e+00
  +1.85392846694964275045e+00
  +1.85332197261239572939e+00
  +1.85232405953919498920e+00
  +1.85093866618546099012e+00
  +1.84917126021423272597e+00
  +1.84702881691780396167e+00
  +1.84451979168942958864e+00
  +1.84165408665375340824e+00
  +1.83844301158764267257e+00
  +1.83489923928566778244e+00
  +1.83103675554637135292e+00
  +1.82687080397671230969e+00
  +1.82241782583250810923e+00
  +1.81769539513231825900e+00
  +1.81272214930081410067e+00
  +1.80751771561538054911e+00
  +1.80210263374621892929e+00
  +1.79649827469565392946e+00
  +1.79072675645655099430e+00
  +1.78481085672270056719e+00
  +1.77877392299566805534e+00
  +1.77263978044287395797e+00
  +1.76643263787053816927e+00
  +1.76017699218258494298e+00
  +1.75389753170255513481e+00
  +1.74761903874007140658e+00
  +1.74136629178638258075e+00
  +1.73516396772497905054e+00
  +1.72903654444321031036e+00
  +1.72300820422924472197e+00
  +1.71710273833562365731e+00
  +1.71134345308606250491e+00
  +1.70575307789603214381e+00
  +1.70035367557014671647e+00
  +1.69516655523034676101e+00
  +1.69021218821853413949e+00
  +1.68551012730553795294e+00
  +1.68107892952526039032e+00
  +1.67693608293853979596e+00
  +1.67309793761576952598e+00
  +1.66957964111063339452e+00
  +1.66639507867963310161e+00
  +1.66355681848332848105e+00
  +1.66107606198554735855e+00
  +1.65896259974632043210e+00
  +1.65722477278302182668e+00
  +1.65586943965217958663e+00
  +1.65490194938188861506e+00
  +1.65432612036163351199e+00
  +1.65414422527286197884e+00
  +1.65435698211973947203e+00
  +1.65496355139551964974e+00
  +1.65596153939569168401e+00
  +1.65734700766483955547e+00
  +1.65911448853992471442e+00
  +1.66125700672865717067e+00
  +1.66376610683778514144e+00
  +1.66663188674266971034e+00
  +1.66984303666644562369e+00
  +1.67338688381454625542e+00
  +1.67724944238843276523e+00
  +1.68141546878115244468e+00
  +1.68586852173688783729e+00
  +1.69059102723708765126e+00
  +1.69556434785708343149e+00
  +1.70076885631949359379e+00
  +1.70618401295411925567e+00
  +1.71178844675864083591e+00
  +1.71756003974019799685e+00
  +1.72347601420500273761e+00
  +1.72951302265149164938e+00
  +1.73564723991224978406e+00
  +1.74185445718105835766e+00
  +1.74811017755399378260e+00
  +1.75438971270751986609e+00
  +1.76066828033201705495e+00
  +1.76692110193623763692e+00
  +1.77312350063668877631e+00
  +1.77925099854602586369e+00
  +1.78527941337608075933e+00
  +1.79118495387431075905e+00
  +1.79694431371700158451e+00
  +1.80253476348868191259e+00
  +1.80793424038473937721e+00
  +1.81312143528323277408e+00
  +1.81807587684225868685e+00
  +1.82277801229098845859e+00
  +1.82720928459551901213e+00
  +1.83135220569500933863e+00
  +1.83519042551906963467e+00
  +1.83870879651401342159e+00
  +1.84189343342333744502e+00
  +1.84473176808648320346e+00
  +1.84721259903962420346e+00
  +1.84932613572272797064e+00
  +1.85106403711842082416e+00
  +1.85241944467017605191e+00
  +1.85338700934990052716e+00
  +1.85396291276810720738e+00
  +1.85414488224335194388e+00
  +1.85393219977147061250e+00
  +1.85332570485921199754e+00
  +1.85232779121108959153e+00
  +1.85094239728252096810e+00
  +1.84917499073654734154e+00
  +1.84703254686546070040e+00
  +1.84452352106251682429e+00
  +1.84165781545235995864e+00
  +1.83844673981185713352e+00
  +1.83490296693557897179e+00
  +1.83104048262206697828e+00
  +1.82687453047828118891e+00
  +1.82242155176003950423e+00
  +1.81769912048590054354e+00
  +1.81272587408053498237e+00
  +1.80752143982132729150e+00
  +1.80210635737848035021e+00
  +1.79650199775431884675e+00
  +1.79073047894170889194e+00
  +1.78481457863443981893e+00
  +1.77877764433407747902e+00
  +1.77264350120804081712e+00
  +1.76643635806255039356e+00
  +1.76018071180153268251e+00
  +1.75390125074852476494e+00
  +1.74762275721315174515e+00
  +1.74137000968666066925e+00
  +1.73516768505254326271e+00
  +1.72904026119814924201e+00
  +1.72301192041164497049e+00
  +1.71710645394557470667e+00
  +1.71134716812365228478e+00
  +1.70575679236134969408e+00
  +1.70035738946327930066e+00
  +1.69517026855138297492e+00
  +1.69021590096756191279e+00
  +1.68551383948264654755e+00
  +1.68108264113053773592e+00
  +1.67693979397207404425e+00
  +1.67310164807764749639e+00
  +1.66958335100094390491e+00
  +1.66639878799846430368e+00
  +1.66356052723076763833e+00
  +1.66107977016168195661e+00
  +1.65896630735123951084e+00
  +1.65722847981681464802e+00
  +1.65587314611493341410e+00
  +1.65490565527368915788e+00
  +1.65432982568257114231e+00
  +1.65414793002302418223e+00
  +1.65436068629921462225e+00
  +1.65496725500439501033e+00
  +1.65596524243405429644e+00
  +1.65735071013277734941e+00
  +1.65911819043752695180e+00
  +1.66126070805601200320e+00
  +1.66376980759497850038e+00
  +1.66663558692978863718e+00
  +1.66984673628357827013e+00
  +1.67339058286178099522e+00
  +1.67725314086585819418e+00
  +1.68141916668885471609e+00
  +1.68587221907495710127e+00
  +1.69059472400561050520e+00
  +1.69556804405614713893e+00
  +1.70077255194918586234e+00
  +1.70618770801452934727e+00
  +1.71179214124985601408e+00
  +1.71756373366230574717e+00
  +1.72347970755809121179e+00
  +1.72951671543564966527e+00
  +1.73565093212756305086e+00
  +1.74185814882761325073e+00
  +1.74811386863188000795e+00
  +1.75439340321682535340e+00
</dep>
<dep _net0.Vt time>
  +5.00000000000000000000e+00
  +5.00000000000000000000e+00
  +5.00000000000000000000e+00
  +5.00000000000000000000e+00
  +5.00000000000000000000e+00
  +5.00000000000000000000e+00
  +5.00000000000000000000e+00
  +5.00000000000000000000e+00
  +5.00000000000000000000e+00
  +5.00000000000000000000e+00
  +5.00000000000000000000e+00
  +5.00000000000000000000e+00
  +5.00000000000000000000e+00
  +5.00000000000000000000e+00
  +5.00000000000000000000e+00
  +5.00000000000000000000e+00
  +5.00000000000000000000e+00
  +5.00000000000000000000e+00
  +5.00000000000000000000e+00
  +5.00000000000000000000e+00
  +5.00000000000000000000e+00
  +5.00000000000000000000e+00
  +5.00000000000000000000e+00
  +5.00000000000000000000e+00
  +5.00000000000000000000e+00
  +5.00000000000000000000e+00
  +5.00000000000000000000e+00
  +5.00000000000000000000e+00
  +5.00000000000000000000e+00
  +5.00000000000000000000e+00
  +5.00000000000000000000e+00
  +5.00000000000000000000e+00
  +5.00000000000000000000e+00
  +5.00000000000000000000e+00
  +5.00000000000000000000e+00
  +5.00000000000000000000e+00
  +5.00000000000000000000e+00
  +5.00000000000000000000e+00
  +5.00000000000000000000e+00
  +5.00000000000000000000e+00
  +5.00000000000000000000e+00
  +5.00000000000000000000e+00
  +5.00000000000000000000e+00
  +5.00000000000000000000e+00
  +5.00000000000000000000e+00
  +5.00000000000000000000e+00
  +5.00000000000000000000e+00
  +5.00000000000000000000e+00
  +5.00000000000000000000e+00
  +5.00000000000000000000e+00
  +5.00000000000000000000e+00
  +5.00000000000000000000e+00
  +5.00000000000000000000e+00
  +5.00000000000000000000e+00
  +5.00000000000000000000e+00
  +5.00000000000000000000e+00
  +5.00000000000000000000e+00
  +5.00000000000000000000e+00
  +5.00000000000000000000e+00
  +5.00000000000000000000e+00
  +5.00000000000000000000e+00
  +5.00000000000000000000e+00
  +5.00000000000000000000e+00
  +5.00000000000000000000e+00
  +5.00000000000000000000e+00
  +5.00000000000000000000e+00
  +5.00000000000000000000e+00
  +5.00000000000000000000e+00
  +5.00000000000000000000e+00
  +5.00000000000000000000e+00
  +5.00000000000000000000e+00
  +5.00000000000000000000e+00
  +5.00000000000000000000e+00
  +5.00000000000000000000e+00
  +5.00000000000000000000e+00
  +5.00000000000000000000e+00
  +5.00000000000000000000e+00
  +5.00000000000000000000e+00
  +5.00000000000000000000e+00
  +5.00000000000000000000e+00
  +5.00000000000000000000e+00
  +5.00000000000000000000e+00
  +5.00000000000000000000e+00
  +5.00000000000000000000e+00
  +5.00000000000000000000e+00
  +5.00000000000000000000e+00
  +5.00000000000000000000e+00
  +5.00000000000000000000e+00
  +5.00000000000000000000e+00
  +5.00000000000000000000e+00
  +5.00000000000000000000e+00
  +5.00000000000000000000e+00
  +5.00000000000000000000e+00
  +5.00000000000000000000e+00
  +5.00000000000000000000e+00
  +5.00000000000000000000e+00
  +5.00000000000000000000e+00
  +5.00000000000000000000e+00
  +5.00000000000000000000e+00
  +5.00000000000000000000e+00
  +5.00000000000000000000e+00
  +5.00000000000000000000e+00
  +5.00000000000000000000e+00
  +5.00000000000000000000e+00
  +5.00000000000000000000e+00
  +5.00000000000000000000e+00
  +5.00000000000000000000e+00
  +5.00000000000000000000e+00
  +5.00000000000000000000e+00
  +5.00000000000000000000e+00
  +5.00000000000000000000e+00
  +5.00000000000000000000e+00
  +5.00000000000000000000e+00
  +5.00000000000000000000e+00
  +5.00000000000000000000e+00
  +5.00000000000000000000e+00
  +5.00000000000000000000e+00
  +5.00000000000000000000e+00
  +5.00000000000000000000e+00
  +5.00000000000000000000e+00
  +5.00000000000000000000e+00
  +5.00000000000000000000e+00
  +5.00000000000000000000e+00
  +5.00000000000000000000e+00
  +5.00000000000000000000e+00
  +5.00000000000000000000e+00
  +5.00000000000000000000e+00
  +5.00000000000000000000e+00
  +5.00000000000000000000e+00
  +5.00000000000000000000e+00
  +5.00000000000000000000e+00
  +5.00000000000000000000e+00
  +5.00000000000000000000e+00
  +5.00000000000000000000e+00
  +5.00000000000000000000e+00
  +5.00000000000000000000e+00
  +5.00000000000000000000e+00
  +5.00000000000000000000e+00
  +5.00000000000000000000e+00
  +5.00000000000000000000e+00
  +5.00000000000000000000e+00
  +5.00000000000000000000e+00
  +5.00000000000000000000e+00
  +5.00000000000000000000e+00
  +5.00000000000000000000e+00
  +5.00000000000000000000e+00
  +5.00000000000000000000e+00
  +5.00000000000000000000e+00
  +5.00000000000000000000e+00
  +5.00000000000000000000e+00
  +5.00000000000000000000e+00
  +5.00000000000000000000e+00
  +5.00000000000000000000e+00
  +5.00000000000000000000e+00
  +5.00000000000000000000e+00
  +5.00000000000000000000e+00
  +5.00000000000000000000e+00
  +5.00000000000000000000e+00
  +5.00000000000000000000e+00
  +5.00000000000000000000e+00
  +5.00000000000000000000e+00
  +5.00000000000000000000e+00
  +5.00000000000000000000e+00
  +5.00000000000000000000e+00
  +5.00000000000000000000e+00
  +5.00000000000000000000e+00
  +5.00000000000000000000e+00
  +5.00000000000000000000e+00
  +5.00000000000000000000e+00
  +5.00000000000000000000e+00
  +5.00000000000000000000e+00
  +5.00000000000000000000e+00
  +5.00000000000000000000e+00
  +5.00000000000000000000e+00
  +5.00000000000000000000e+00
  +5.00000000000000000000e+00
  +5.00000000000000000000e+00
  +5.00000000000000000000e+00
  +5.00000000000000000000e+00
  +5.00000000000000000000e+00
  +5.00000000000000000000e+00
  +5.00000000000000000000e+00
  +5.00000000000000000000e+00
  +5.00000000000000000000e+00
  +5.00000000000000000000e+00
  +5.00000000000000000000e+00
  +5.00000000000000000000e+00
  +5.00000000000000000000e+00
  +5.00000000000000000000e+00
  +5.00000000000000000000e+00
  +5.00000000000000000000e+00
  +5.00000000000000000000e+00
  +5.00000000000000000000e+00
  +5.00000000000000000000e+00
  +5.00000000000000000000e+00
  +5.00000000000000000000e+00
  +5.00000000000000000000e+00
  +5.00000000000000000000e+00
  +5.00000000000000000000e+00
  +5.00000000000000000000e+00
  +5.00000000000000000000e+00
</dep>
<dep S.Vt time>
  +2.48873745769489174151e-01
  +2.51474939989907275706e-01
  +2.54073314061742328018e-01
  +2.56658421435107586550e-01
  +2.59219780852590342413e-01
  +2.61746923136334241899e-01
  +2.64229438891512236065e-01
  +2.66657027007719316103e-01
  +2.69019543641486835739e-01
  +2.71307051345004268672e-01
  +2.73509867999403466499e-01
  +2.75618615207900707897e-01
  +2.77624265804507941446e-01
  +2.79518190137897803993e-01
  +2.81292200797036873183e-01
  +2.82938595455303643078e-01
  +2.84450197522710612752e-01
  +2.85820394311376513308e-01
  +2.87043172437307370082e-01
  +2.88113150201654510951e-01
  +2.89025606716634575477e-01
  +2.89776507565099428199e-01
  +2.90362526808015553037e-01
  +2.90781065180719555663e-01
  +2.91030264346473055426e-01
  +2.91109017104458578373e-01
  +2.91016973478547713583e-01
  +2.90754542642956081977e-01
  +2.90322890670903110966e-01
  +2.89723934122502524424e-01
  +2.88960329518115455194e-01
  +2.88035458773118868692e-01
  +2.86953410699223421254e-01
  +2.85718958706000281111e-01
  +2.84337534863871699287e-01
  +2.82815200516322584612e-01
  +2.81158613654275302274e-01
  +2.79374993289201567492e-01
  +2.77472081083467658758e-01
  +2.75458100516321857665e-01
  +2.73341713881679770903e-01
  +2.71131977429189985340e-01
  +2.68838294972763569568e-01
  +2.66470370300599390667e-01
  +2.64038158727559035821e-01
  +2.61551818134311497843e-01
  +2.59021659837862905373e-01
  +2.56458099634713332371e-01
  +2.53871609350867832866e-01
  +2.51272669222205091710e-01
  +2.48671721414211288614e-01
  +2.46079124971909479758e-01
  +2.43505112468993312191e-01
  +2.40959748599924639123e-01
  +2.38452890930265559710e-01
  +2.35994152989147720767e-01
  +2.33592869853914031353e-01
  +2.31258066341091694795e-01
  +2.28998427880525490252e-01
  +2.26822274111395549845e-01
  +2.24737535200587479345e-01
  +2.22751730846362683280e-01
  +2.20871951894147267037e-01
  +2.19104844457449876582e-01
  +2.17456596406179369918e-01
  +2.15932926057753826754e-01
  +2.14539072884087744786e-01
  +2.13279790030470095541e-01
  +2.12159338430972010947e-01
  +2.11181482299768186195e-01
  +2.10349485778823619420e-01
  +2.09666110529830695963e-01
  +2.09133614071903450871e-01
  +2.08753748686058004935e-01
  +2.08527760732352296369e-01
  +2.08456390255045642679e-01
  +2.08539870784376912827e-01
  +2.08777929279614138380e-01
  +2.09169786195729012768e-01
  +2.09714155694319837053e-01
  +2.10409246057026766419e-01
  +2.11252760395545136074e-01
  +2.12241897785325872583e-01
  +2.13373354979208507132e-01
  +2.14643328881689077203e-01
  +2.16047519983586011616e-01
  +2.17581136970033228728e-01
  +2.19238902721663408979e-01
  +2.21015061929409895036e-01
  +2.22903390537617651646e-01
  +2.24897207218318850863e-01
  +2.26989387062027592190e-01
  +2.29172377647714864413e-01
  +2.31438217627428999279e-01
  +2.33778557930008346055e-01
  +2.36184685654315718040e-01
  +2.38647550686172882362e-01
  +2.41157795035538746742e-01
  +2.43705784852228657389e-01
  +2.46281645040393459833e-01
  +2.48875296354736541549e-01
  +2.51476494825710106262e-01
  +2.54074873327247208188e-01
  +2.56659985069421170412e-01
  +2.59221348770189818911e-01
  +2.61748495235373634937e-01
  +2.64231015054500195660e-01
  +2.66658607102228772945e-01
  +2.69021127520890523943e-01
  +2.71308638849227179435e-01
  +2.73511458955695341277e-01
  +2.75620209431613749640e-01
  +2.77625863099886349694e-01
  +2.79519790298868642253e-01
  +2.81293803608006709460e-01
  +2.82940200691953358536e-01
  +2.84451804952787656866e-01
  +2.85822003695484161412e-01
  +2.87044783529693314783e-01
  +2.88114762750989017448e-01
  +2.89027220466789636077e-01
  +2.89778122255919035055e-01
  +2.90364142176085526792e-01
  +2.90782680960126271863e-01
  +2.91031880269569387387e-01
  +2.91110632902617294526e-01
  +2.91018588882917206284e-01
  +2.90756157385216762457e-01
  +2.90324504484021250761e-01
  +2.89725546741482542501e-01
  +2.88961940680760642763e-01
  +2.88037068220786895978e-01
  +2.86955018177590726047e-01
  +2.85720563965827012431e-01
  +2.84339137661768992515e-01
  +2.82816800615526831031e-01
  +2.81160210825421752467e-01
  +2.79376587311104707112e-01
  +2.77473671743899696907e-01
  +2.75459687612793546752e-01
  +2.73343297222219394627e-01
  +2.71133556833119737650e-01
  +2.68839870271468384111e-01
  +2.66471941338289886048e-01
  +2.64039725362017363430e-01
  +2.61553380237623533944e-01
  +2.59023217297128072190e-01
  +2.56459652352728995073e-01
  +2.53873157246781999685e-01
  +2.51274212232131255451e-01
  +2.48673259491797749021e-01
  +2.46080658088860482202e-01
  +2.43506640615531233518e-01
  +2.40961271785187503003e-01
  +2.38454409182632831588e-01
  +2.35995666356486555326e-01
  +2.33594378403739144634e-01
  +2.31259570160631644509e-01
  +2.28999927076691589534e-01
  +2.26823768810640091775e-01
  +2.24739025548657989084e-01
  +2.22753217007935266913e-01
  +2.20873434052345718470e-01
  +2.19106322813241383152e-01
  +2.17458071177650091865e-01
  +2.15934397479263018305e-01
  +2.14540541205305135275e-01
  +2.13281255515294754233e-01
  +2.12160801356342687551e-01
  +2.11182942954368901844e-01
  +2.10350944461696554022e-01
  +2.09667567548899591579e-01
  +2.09135069742422741168e-01
  +2.08755203329002214652e-01
  +2.08529214672755258686e-01
  +2.08457843820300747772e-01
  +2.08541324302521258183e-01
  +2.08779383077603908347e-01
  +2.09171240597726515453e-01
  +2.09715611020003467324e-01
  +2.10410702619942102665e-01
  +2.11254218501505330874e-01
  +2.12243357730879711465e-01
  +2.13374817050188292367e-01
  +2.14644793351845220020e-01
  +2.16048987113319324038e-01
  +2.17582607005234129893e-01
  +2.19240375892661265578e-01
  +2.21016538450043542596e-01
  +2.22904870604419713676e-01
  +2.24898691009827178533e-01
  +2.26990874738216552586e-01
  +2.29173869349547754126e-01
  +2.31439713476526309766e-01
  +2.33780058028434489792e-01
  +2.36186190084473002226e-01
  +2.38649059510801064832e-01
  +2.41159308297811514343e-01
  +2.43707302575946138656e-01
  +2.46283167230255950475e-01
  +2.48876822996696722701e-01
</dep>
<dep Vout.Vt time>
  +2.51126254230331014128e+00
  +2.48525060432313438241e+00
  +2.45926686356962420632e+00
  +2.43341578978420081114e+00
  +2.40780219554172170149e+00
  +2.38253077262104362433e+00
  +2.35770561497084862879e+00
  +2.33342973369565598318e+00
  +2.30980456723065330493e+00
  +2.28692949005450429922e+00
  +2.26490132335648297612e+00
  +2.24381385110507203251e+00
  +2.22375734496081101099e+00
  +2.20481810143769507704e+00
  +2.18707799464679375490e+00
  +2.17061404785508216264e+00
  +2.15549802696323133944e+00
  +2.14179605885087376294e+00
  +2.12956827735878562180e+00
  +2.11886849947631183966e+00
  +2.10974393408215377121e+00
  +2.10223492534868050541e+00
  +2.09637473266711893416e+00
  +2.09218934868502337565e+00
  +2.08969735677067802726e+00
  +2.08890982893317200819e+00
  +2.08983026493471690799e+00
  +2.09245457303407356164e+00
  +2.09677109249995474727e+00
  +2.10276065773214781984e+00
  +2.11039670352793962138e+00
  +2.11964541073445467134e+00
  +2.13046589123547214228e+00
  +2.14281041093614454951e+00
  +2.15662464913311424652e+00
  +2.17184799239235104551e+00
  +2.18841386080545596826e+00
  +2.20625006425849079505e+00
  +2.22527918612856367986e+00
  +2.24541899162391977995e+00
  +2.26658285780610491145e+00
  +2.28868022217930011664e+00
  +2.31161704660502564934e+00
  +2.33529629320187837038e+00
  +2.35961840882179707535e+00
  +2.38448181465858155548e+00
  +2.40978339754263082284e+00
  +2.43541899950934315200e+00
  +2.46128390229901050645e+00
  +2.48727330355314535382e+00
  +2.51328278161710905181e+00
  +2.53920874604084723103e+00
  +2.56494887108752678273e+00
  +2.59040250981256825469e+00
  +2.61547108656032278873e+00
  +2.64005846603937399664e+00
  +2.66407129747612536619e+00
  +2.68741933270506905274e+00
  +2.71001571742743507798e+00
  +2.73177725525104619919e+00
  +2.75262464450657340365e+00
  +2.77248268821088217351e+00
  +2.79128047790910649439e+00
  +2.80895155246548000605e+00
  +2.82543403318018171433e+00
  +2.84067073687822535533e+00
  +2.85460926883959764666e+00
  +2.86720209761048039354e+00
  +2.87840661384918661270e+00
  +2.88818517541294284001e+00
  +2.89650514088102539745e+00
  +2.90333889363539299211e+00
  +2.90866385848377362322e+00
  +2.91246251261482491657e+00
  +2.91472239242678554660e+00
  +2.91543609747585108494e+00
  +2.91460129245842836099e+00
  +2.91222070778062835927e+00
  +2.90830213889153377238e+00
  +2.90285844417397065342e+00
  +2.89590754081037005108e+00
  +2.88747239768264485349e+00
  +2.87758102403518556400e+00
  +2.86626645233852350714e+00
  +2.85356671354667845719e+00
  +2.83952480275050156422e+00
  +2.82418863309773904291e+00
  +2.80761097578120555340e+00
  +2.78984938389077363752e+00
  +2.77096609798226900523e+00
  +2.75102793133470591158e+00
  +2.73010613304235683074e+00
  +2.70827622731498962594e+00
  +2.68561782763167933297e+00
  +2.66221442470366298494e+00
  +2.63815314754201679648e+00
  +2.61352449728829405728e+00
  +2.58842205384275381164e+00
  +2.56294215570714989383e+00
  +2.53718355383996296837e+00
  +2.51124704069421156305e+00
  +2.48523505596548766050e+00
  +2.45925127091464368334e+00
  +2.43340015344119287022e+00
  +2.40778651636584939411e+00
  +2.38251505163077048621e+00
  +2.35768985334109615337e+00
  +2.33341393275068753610e+00
  +2.30978872843674309934e+00
  +2.28691361501240031373e+00
  +2.26488541379368690798e+00
  +2.24379790886806418371e+00
  +2.22374137200715615847e+00
  +2.20480209982811281577e+00
  +2.18706196653722173551e+00
  +2.17059799548871090735e+00
  +2.15548195266259234870e+00
  +2.14177996500992406936e+00
  +2.12955216643505806928e+00
  +2.11885237398309556056e+00
  +2.10972779658073328335e+00
  +2.10221877844061211249e+00
  +2.09635857898655153519e+00
  +2.09217319089108322316e+00
  +2.08968119753984282738e+00
  +2.08889367095171429867e+00
  +2.08981411089115276525e+00
  +2.09243842561159354432e+00
  +2.09675495436890813039e+00
  +2.10274453154247709108e+00
  +2.11038059190162208267e+00
  +2.11962931625790496071e+00
  +2.13044981645192876840e+00
  +2.14279435833801201738e+00
  +2.15660862115427320873e+00
  +2.17183199140044180808e+00
  +2.18839788909412469309e+00
  +2.20623412403959484607e+00
  +2.22526327952437874558e+00
  +2.24540312065933456154e+00
  +2.26656702440084067973e+00
  +2.28866442814013737461e+00
  +2.31160129361811073068e+00
  +2.33528058282510997401e+00
  +2.35960274247734602682e+00
  +2.38446619362559708577e+00
  +2.40976782295011204837e+00
  +2.43540347232931964072e+00
  +2.46126842334000350832e+00
  +2.48725787345401627704e+00
  +2.51326740084137867370e+00
  +2.53919341487147143255e+00
  +2.56493358962228334974e+00
  +2.59038727796007428594e+00
  +2.61545590403678396285e+00
  +2.64004333236612431790e+00
  +2.66405621197801423250e+00
  +2.68740429450980577997e+00
  +2.71000072546591219691e+00
  +2.73176230825873211927e+00
  +2.75260974102600286528e+00
  +2.77246782659528712145e+00
  +2.79126565632725132104e+00
  +2.80893676890769938836e+00
  +2.82541928546560860980e+00
  +2.84065602266326600045e+00
  +2.85459458562755585831e+00
  +2.86718744276236492396e+00
  +2.87839198459561451671e+00
  +2.88817056886706602370e+00
  +2.89649055405242883410e+00
  +2.90332432344483670761e+00
  +2.90864930177871272576e+00
  +2.91244796618551049505e+00
  +2.91470785302288604157e+00
  +2.91542156182343070725e+00
  +2.91458675727711558068e+00
  +2.91220616980085900138e+00
  +2.90828759487168753139e+00
  +2.90284389091726069410e+00
  +2.89589297518134536347e+00
  +2.88745781662317391181e+00
  +2.87756642457977562799e+00
  +2.86625183162885299737e+00
  +2.85355206884524648103e+00
  +2.83951013145329866916e+00
  +2.82417393274585748486e+00
  +2.80759624407135177648e+00
  +2.78983461868456217303e+00
  +2.77095129731437417320e+00
  +2.75101309341974875622e+00
  +2.73009125628059479141e+00
  +2.70826131029678585094e+00
  +2.68560286914082624321e+00
  +2.66219942371952456028e+00
  +2.63813810324057129719e+00
  +2.61350940904213757676e+00
  +2.58840692122014637278e+00
  +2.56292697847009876000e+00
  +2.53716833194146396124e+00
  +2.51123177427473542878e+00
</dep>
<dep _net1.Vt time>
  +5.00000000000000000000e+00
  +5.00000000000000000000e+00
  +5.00000000000000000000e+00
  +5.00000000000000000000e+00
  +5.00000000000000000000e+00
  +5.00000000000000000000e+00
  +5.00000000000000000000e+00
  +5.00000000000000000000e+00
  +5.00000000000000000000e+00
  +5.00000000000000000000e+00
  +5.00000000000000000000e+00
  +5.00000000000000000000e+00
  +5.00000000000000000000e+00
  +5.00000000000000000000e+00
  +5.00000000000000000000e+00
  +5.00000000000000000000e+00
  +5.00000000000000000000e+00
  +5.00000000000000000000e+00
  +5.00000000000000000000e+00
  +5.00000000000000000000e+00
  +5.00000000000000000000e+00
  +5.00000000000000000000e+00
  +5.00000000000000000000e+00
  +5.00000000000000000000e+00
  +5.00000000000000000000e+00
  +5.00000000000000000000e+00
  +5.00000000000000000000e+00
  +5.00000000000000000000e+00
  +5.00000000000000000000e+00
  +5.00000000000000000000e+00
  +5.00000000000000000000e+00
  +5.00000000000000000000e+00
  +5.00000000000000000000e+00
  +5.00000000000000000000e+00
  +5.00000000000000000000e+00
  +5.00000000000000000000e+00
  +5.00000000000000000000e+00
  +5.00000000000000000000e+00
  +5.00000000000000000000e+00
  +5.00000000000000000000e+00
  +5.00000000000000000000e+00
  +5.00000000000000000000e+00
  +5.00000000000000000000e+00
  +5.00000000000000000000e+00
  +5.00000000000000000000e+00
  +5.00000000000000000000e+00
  +5.00000000000000000000e+00
  +5.00000000000000000000e+00
  +5.00000000000000000000e+00
  +5.00000000000000000000e+00
  +5.00000000000000000000e+00
  +5.00000000000000000000e+00
  +5.00000000000000000000e+00
  +5.00000000000000000000e+00
  +5.00000000000000000000e+00
  +5.00000000000000000000e+00
  +5.00000000000000000000e+00
  +5.00000000000000000000e+00
  +5.00000000000000000000e+00
  +5.00000000000000000000e+00
  +5.00000000000000000000e+00
  +5.00000000000000000000e+00
  +5.00000000000000000000e+00
  +5.00000000000000000000e+00
  +5.00000000000000000000e+00
  +5.00000000000000000000e+00
  +5.00000000000000000000e+00
  +5.00000000000000000000e+00
  +5.00000000000000000000e+00
  +5.00000000000000000000e+00
  +5.00000000000000000000e+00
  +5.00000000000000000000e+00
  +5.00000000000000000000e+00
  +5.00000000000000000000e+00
  +5.00000000000000000000e+00
  +5.00000000000000000000e+00
  +5.00000000000000000000e+00
  +5.00000000000000000000e+00
  +5.00000000000000000000e+00
  +5.00000000000000000000e+00
  +5.00000000000000000000e+00
  +5.00000000000000000000e+00
  +5.00000000000000000000e+00
  +5.00000000000000000000e+00
  +5.00000000000000000000e+00
  +5.00000000000000000000e+00
  +5.00000000000000000000e+00
  +5.00000000000000000000e+00
  +5.00000000000000000000e+00
  +5.00000000000000000000e+00
  +5.00000000000000000000e+00
  +5.00000000000000000000e+00
  +5.00000000000000000000e+00
  +5.00000000000000000000e+00
  +5.00000000000000000000e+00
  +5.00000000000000000000e+00
  +5.00000000000000000000e+00
  +5.00000000000000000000e+00
  +5.00000000000000000000e+00
  +5.00000000000000000000e+00
  +5.00000000000000000000e+00
  +5.00000000000000000000e+00
  +5.00000000000000000000e+00
  +5.00000000000000000000e+00
  +5.00000000000000000000e+00
  +5.00000000000000000000e+00
  +5.00000000000000000000e+00
  +5.00000000000000000000e+00
  +5.00000000000000000000e+00
  +5.00000000000000000000e+00
  +5.00000000000000000000e+00
  +5.00000000000000000000e+00
  +5.00000000000000000000e+00
  +5.00000000000000000000e+00
  +5.00000000000000000000e+00
  +5.00000000000000000000e+00
  +5.00000000000000000000e+00
  +5.00000000000000000000e+00
  +5.00000000000000000000e+00
  +5.00000000000000000000e+00
  +5.00000000000000000000e+00
  +5.00000000000000000000e+00
  +5.00000000000000000000e+00
  +5.00000000000000000000e+00
  +5.00000000000000000000e+00
  +5.00000000000000000000e+00
  +5.00000000000000000000e+00
  +5.00000000000000000000e+00
  +5.00000000000000000000e+00
  +5.00000000000000000000e+00
  +5.00000000000000000000e+00
  +5.00000000000000000000e+00
  +5.00000000000000000000e+00
  +5.00000000000000000000e+00
  +5.00000000000000000000e+00
  +5.00000000000000000000e+00
  +5.00000000000000000000e+00
  +5.00000000000000000000e+00
  +5.00000000000000000000e+00
  +5.00000000000000000000e+00
  +5.00000000000000000000e+00
  +5.00000000000000000000e+00
  +5.00000000000000000000e+00
  +5.00000000000000000000e+00
  +5.00000000000000000000e+00
  +5.00000000000000000000e+00
  +5.00000000000000000000e+00
  +5.00000000000000000000e+00
  +5.00000000000000000000e+00
  +5.00000000000000000000e+00
  +5.00000000000000000000e+00
  +5.00000000000000000000e+00
  +5.00000000000000000000e+00
  +5.00000000000000000000e+00
  +5.00000000000000000000e+00
  +5.00000000000000000000e+00
  +5.00000000000000000000e+00
  +5.00000000000000000000e+00
  +5.00000000000000000000e+00
  +5.00000000000000000000e+00
  +5.00000000000000000000e+00
  +5.00000000000000000000e+00
  +5.00000000000000000000e+00
  +5.00000000000000000000e+00
  +5.00000000000000000000e+00
  +5.00000000000000000000e+00
  +5.00000000000000000000e+00
  +5.00000000000000000000e+00
  +5.00000000000000000000e+00
  +5.00000000000000000000e+00
  +5.00000000000000000000e+00
  +5.00000000000000000000e+00
  +5.00000000000000000000e+00
  +5.00000000000000000000e+00
  +5.00000000000000000000e+00
  +5.00000000000000000000e+00
  +5.00000000000000000000e+00
  +5.00000000000000000000e+00
  +5.00000000000000000000e+00
  +5.00000000000000000000e+00
  +5.00000000000000000000e+00
  +5.00000000000000000000e+00
  +5.00000000000000000000e+00
  +5.00000000000000000000e+00
  +5.00000000000000000000e+00
  +5.00000000000000000000e+00
  +5.00000000000000000000e+00
  +5.00000000000000000000e+00
  +5.00000000000000000000e+00
  +5.00000000000000000000e+00
  +5.00000000000000000000e+00
  +5.00000000000000000000e+00
  +5.00000000000000000000e+00
  +5.00000000000000000000e+00
  +5.00000000000000000000e+00
  +5.00000000000000000000e+00
  +5.00000000000000000000e+00
  +5.00000000000000000000e+00
  +5.00000000000000000000e+00
  +5.00000000000000000000e+00
  +5.00000000000000000000e+00
</dep>
<dep Vin.Vt time>
  +0.00000000000000000000e+00
  +6.27905195293141770579e-03
  +1.25333233564305177726e-02
  +1.87381314585723761368e-02
  +2.48689887164854211976e-02
  +3.09016994374945938584e-02
  +3.68124552684678391090e-02
  +4.25779291565072659509e-02
  +4.81753674101715323452e-02
  +5.35826794978996670538e-02
  +5.87785252292473137103e-02
  +6.37423989748689689971e-02
  +6.84547105928687699139e-02
  +7.28968627421411607958e-02
  +7.70513242775789364281e-02
  +8.09016994374947562285e-02
  +8.44327925502015158576e-02
  +8.76306680043863611695e-02
  +9.04827052466019576826e-02
  +9.29776485888251374989e-02
  +9.51056516295153558938e-02
  +9.68583161128631076053e-02
  +9.82287250728688665635e-02
  +9.92114701314477931415e-02
  +9.98026728428272197347e-02
  +1.00000000000000172085e-01
  +9.98026728428271225901e-02
  +9.92114701314478070193e-02
  +9.82287250728689081969e-02
  +9.68583161128631631165e-02
  +9.51056516295154946716e-02
  +9.29776485888252762768e-02
  +9.04827052466019021715e-02
  +8.76306680043864166807e-02
  +8.44327925502015436132e-02
  +8.09016994374946452062e-02
  +7.70513242775790335726e-02
  +7.28968627421411191625e-02
  +6.84547105928688115473e-02
  +6.37423989748687885859e-02
  +5.87785252292474108549e-02
  +5.35826794978997572594e-02
  +4.81753674101714352007e-02
  +4.25779291565071132952e-02
  +3.68124552684677905368e-02
  +3.09016994374946493696e-02
  +2.48689887164853622170e-02
  +1.87381314585723379729e-02
  +1.25333233564303373614e-02
  +6.27905195293110545557e-03
  +9.29682352518761205258e-17
  -6.27905195293138734813e-03
  -1.25333233564303304225e-02
  -1.87381314585724975674e-02
  -2.48689887164855044643e-02
  -3.09016994374945869195e-02
  -3.68124552684678182923e-02
  -4.25779291565072312564e-02
  -4.81753674101715323452e-02
  -5.35826794978997156260e-02
  -5.87785252292471957491e-02
  -6.37423989748689551194e-02
  -6.84547105928687699139e-02
  -7.28968627421410497735e-02
  -7.70513242775790613281e-02
  -8.09016994374947284729e-02
  -8.44327925502015713688e-02
  -8.76306680043863195362e-02
  -9.04827052466020409494e-02
  -9.29776485888250819878e-02
  -9.51056516295155640606e-02
  -9.68583161128630243386e-02
  -9.82287250728687555412e-02
  -9.92114701314478070193e-02
  -9.98026728428271919791e-02
  -1.00000000000000019429e-01
  -9.98026728428272474902e-02
  -9.92114701314476266081e-02
  -9.82287250728688249302e-02
  -9.68583161128630104608e-02
  -9.51056516295154530383e-02
  -9.29776485888252207657e-02
  -9.04827052466019438048e-02
  -8.76306680043863056584e-02
  -8.44327925502014325909e-02
  -8.09016994374947284729e-02
  -7.70513242775789780614e-02
  -7.28968627421412301848e-02
  -6.84547105928690752252e-02
  -6.37423989748688996082e-02
  -5.87785252292474177938e-02
  -5.35826794978997850150e-02
  -4.81753674101715878564e-02
  -4.25779291565073075843e-02
  -3.68124552684677974757e-02
  -3.09016994374947222279e-02
  -2.48689887164854871171e-02
  -1.87381314585724663424e-02
  -1.25333233564303789948e-02
  -6.27905195293146888014e-03
  +8.40176928084826309830e-17
  +6.27905195293119913064e-03
  +1.25333233564304986907e-02
  +1.87381314585723206256e-02
  +2.48689887164853622170e-02
  +3.09016994374949754976e-02
  +3.68124552684677835979e-02
  +4.25779291565071618675e-02
  +4.81753674101714421396e-02
  +5.35826794978995629704e-02
  +5.87785252292472026880e-02
  +6.37423989748688024637e-02
  +6.84547105928687699139e-02
  +7.28968627421411330403e-02
  +7.70513242775789780614e-02
  +8.09016994374947007174e-02
  +8.44327925502014187131e-02
  +8.76306680043862779028e-02
  +9.04827052466018744159e-02
  +9.29776485888251374989e-02
  +9.51056516295154252827e-02
  +9.68583161128630382164e-02
  +9.82287250728688804413e-02
  +9.92114701314476266081e-02
  +9.98026728428271919791e-02
  +1.00000000000000185962e-01
  +9.98026728428272891236e-02
  +9.92114701314477098748e-02
  +9.82287250728688804413e-02
  +9.68583161128632047498e-02
  +9.51056516295153697715e-02
  +9.29776485888252068879e-02
  +9.04827052466019021715e-02
  +8.76306680043862779028e-02
  +8.44327925502014881021e-02
  +8.09016994374946590840e-02
  +7.70513242775789086725e-02
  +7.28968627421410636513e-02
  +6.84547105928688531806e-02
  +6.37423989748689134860e-02
  +5.87785252292474108549e-02
  +5.35826794978998474650e-02
  +4.81753674101716225509e-02
  +4.25779291565071757453e-02
  +3.68124552684679570702e-02
  +3.09016994374948297808e-02
  +2.48689887164855114032e-02
  +1.87381314585723761368e-02
  +1.25333233564304830782e-02
  +6.27905195293150270724e-03
  +2.33970286191890022073e-17
  -6.27905195293120086536e-03
  -1.25333233564303841989e-02
  -1.87381314585724281785e-02
  -2.48689887164855322199e-02
  -3.09016994374947118196e-02
  -3.68124552684678113534e-02
  -4.25779291565073145232e-02
  -4.81753674101715670397e-02
  -5.35826794978997503205e-02
  -5.87785252292470916657e-02
  -6.37423989748689273638e-02
  -6.84547105928688254251e-02
  -7.28968627421410497735e-02
  -7.70513242775790474504e-02
  -8.09016994374946590840e-02
  -8.44327925502015713688e-02
  -8.76306680043863889251e-02
  -9.04827052466018605381e-02
  -9.29776485888251930101e-02
  -9.51056516295153697715e-02
  -9.68583161128631214831e-02
  -9.82287250728688249302e-02
  -9.92114701314477098748e-02
  -9.98026728428272474902e-02
  -1.00000000000000116573e-01
  -9.98026728428271781013e-02
  -9.92114701314475988525e-02
  -9.82287250728688526857e-02
  -9.68583161128630798498e-02
  -9.51056516295153558938e-02
  -9.29776485888250681100e-02
  -9.04827052466020548271e-02
  -8.76306680043864583141e-02
  -8.44327925502014742243e-02
  -8.09016994374947284729e-02
  -7.70513242775790058170e-02
  -7.28968627421410775291e-02
  -6.84547105928687976695e-02
  -6.37423989748687885859e-02
  -5.87785252292473345270e-02
  -5.35826794978994935814e-02
  -4.81753674101715392841e-02
  -4.25779291565073630954e-02
  -3.68124552684677835979e-02
  -3.09016994374948054947e-02
  -2.48689887164854975254e-02
  -1.87381314585727022648e-02
  -1.25333233564305646102e-02
  -6.27905195293149229890e-03
  +5.97068743932603635355e-17
</dep>
<dep Pr1.i acfrequency>
  +5.89977726327106701269e-05+j1.44653477553791581312e-04
  +8.63056764594805070345e-05+j1.68086418605126598595e-04
  +1.21908765714101783553e-04+j1.88594141278500417687e-04
  +1.64804938189141232836e-04+j2.02517931845799863079e-04
  +2.11835804018492687359e-04+j2.06772428467220015149e-04
  +2.58354663535212425180e-04+j2.00313199744960593806e-04
  +2.99909315458983104664e-04+j1.84706942120068783736e-04
  +3.33783444323704225638e-04+j1.63289423136918354640e-04
  +3.59395904972603620012e-04+j1.39658182955067840421e-04
  +3.77681638376469570005e-04+j1.16578680193498945123e-04
  +3.90208312397941731956e-04+j9.56730853222052238152e-05
  +3.98548799398903118036e-04+j7.76202018920584289668e-05
  +4.03997253615961200626e-04+j6.24987995288940292220e-05
  +4.07512311936639344545e-04+j5.00765034504840195195e-05
  +4.09761809886436962746e-04+j3.99967535348326908452e-05
  +4.11193970100503093483e-04+j3.18815919939482354892e-05
  +4.12102764523529139194e-04+j2.53804191281338626068e-05
  +4.12678244862408922112e-04+j2.01885364300954768470e-05
  +4.13042176123935714585e-04+j1.60504665217227392247e-05
  +4.13272131680632499613e-04+j1.27564367065061397906e-05
  +4.13417355619899483995e-04+j1.01363584536697946999e-05
  +4.13509038257564760527e-04+j8.05338121985322179578e-06
  +4.13566907017288455922e-04+j6.39792322112099826927e-06
  +4.13603428070843167231e-04+j5.08249971213848973184e-06
  +4.13626474616814599882e-04+j4.03739781851252185627e-06
  +4.13641017325815443795e-04+j3.20713163306523555950e-06
  +4.13650193681048682515e-04+j2.54757146587120145246e-06
  +4.13655983779269605105e-04+j2.02363594647765600605e-06
  +4.13659637167671087252e-04+j1.60744495739166611053e-06
  +4.13661942333119693645e-04+j1.27684551654317633028e-06
  +4.13663396807408911913e-04+j1.01423736396262125826e-06
  +4.13664314523906812872e-04+j8.05638347252415334110e-07
  +4.13664893565966502054e-04+j6.39941155992737760721e-07
  +4.13665258917640871802e-04+j5.08322486078080033046e-07
  +4.13665489439295154441e-04+j4.03773501963168009501e-07
  +4.13665634888758229279e-04+j3.20726758695508897057e-07
  +4.13665726661217761188e-04+j2.54759799412003282510e-07
  +4.13665784565746047149e-04+j2.02359685605800996994e-07
  +4.13665821101041777767e-04+j1.60735941501730372862e-07
  +4.13665844153258055113e-04+j1.27671961651364892867e-07
  +4.13665858698224469126e-04+j1.01406973925405568087e-07
  +4.13665867875478044258e-04+j8.05422746411278756950e-08
  +4.13665873665933453256e-04+j6.39667438260483946481e-08
  +4.13665877319463243158e-04+j5.07976746968434753267e-08
  +4.13665879624683656586e-04+j4.03337666397106225568e-08
  +4.13665881079177733849e-04+j3.20177785634660940148e-08
  +4.13665881996898928026e-04+j2.54068538636938404058e-08
  +4.13665882575937643873e-04+j2.01489367358968215095e-08
  +4.13665882941279732053e-04+j1.59640239412911811920e-08
  +4.13665883171784691790e-04+j1.26292536239092220662e-08
  +4.13665883317206886042e-04+j9.96703710941510482139e-09
  +4.13665883408935973475e-04+j7.83560166327978525568e-09
  +4.13665883466771599954e-04+j6.12144057702584812619e-09
  +4.13665883503197648764e-04+j4.73326852276580096284e-09
  +4.13665883526076645638e-04+j3.59716027695394463876e-09
  +4.13665883540347131472e-04+j2.65261393283092921324e-09
  +4.13665883549089270430e-04+j1.84932895335178665056e-09
  +4.13665883554190170601e-04+j1.14452748420883218555e-09
  +4.13665883556750839291e-04+j5.00676277120873744031e-10
  +4.13665883557324111190e-04-j1.16512092492357067236e-10
  +4.13665883556033422714e-04-j7.39905155892691464366e-10
  +4.13665883552600459165e-04-j1.40270086691083038554e-09
  +4.13665883546284114149e-04-j2.14019551404002679961e-09
  +4.13665883535720949223e-04-j2.99166337649929818225e-09
  +4.13665883518630887218e-04-j4.00244822280215569787e-09
  +4.13665883491325201294e-04-j5.22637803174912222107e-09
  +4.13665883447909897390e-04-j6.72863152852864064500e-09
  +4.13665883379013619818e-04-j8.58920918939930874662e-09
  +4.13665883269765180530e-04-j1.09071935585553331827e-08
  +4.13665883096583236484e-04-j1.38060257544754561856e-08
  +4.13665882822086231497e-04-j1.74400791587425651134e-08
</dep>
<dep V1.i acfrequency>
  -5.82268439882418443391e-05-j1.42763278917584600499e-04
  -8.51779132373485780303e-05-j1.65890019841781970840e-04
  -1.20315774058536590079e-04-j1.86129766452049281566e-04
  -1.62651418794589026169e-04-j1.99871613727094330111e-04
  -2.09067728514038898889e-04-j2.04070516498652294998e-04
  -2.54978722348562093346e-04-j1.97695691038076760710e-04
  -2.95990376290385126014e-04-j1.82293361637895801617e-04
  -3.29421869186273725584e-04-j1.61155707099441646143e-04
  -3.54699649750002919679e-04-j1.37833258235395164464e-04
  -3.72746442003430518333e-04-j1.15055337194335430382e-04
  -3.85109428967033622180e-04-j9.44229174141335915503e-05
  -3.93340930152922076991e-04-j7.66059324650141817373e-05
  -3.98718188980110856915e-04-j6.16821226837675334062e-05
  -4.02187315750741176349e-04-j4.94221497481478372099e-05
  -4.04407419329738269855e-04-j3.94741127359725095546e-05
  -4.05820865390994474451e-04-j3.14649926640857459251e-05
  -4.06717784524134474272e-04-j2.50487711472829465299e-05
  -4.07285745015098401937e-04-j1.99247311981838805706e-05
  -4.07644920757533398437e-04-j1.58407337821320013521e-05
  -4.07871871466458809068e-04-j1.25897473193145017969e-05
  -4.08015197752820482635e-04-j1.00039058394597861641e-05
  -4.08105682366078704234e-04-j7.94814703624918790709e-06
  -4.08162794950060476683e-04-j6.31432103970798701135e-06
  -4.08198838780068375392e-04-j5.01608627467180226775e-06
  -4.08221584174968280066e-04-j3.98464081043913274813e-06
  -4.08235936853219903795e-04-j3.16522377858491421731e-06
  -4.08244993300280558692e-04-j2.51428213531513892681e-06
  -4.08250707738821896464e-04-j1.99719292116894555226e-06
  -4.08254313388103050320e-04-j1.58644033026727906544e-06
  -4.08256588431769147033e-04-j1.26016085518176226624e-06
  -4.08258023900325776444e-04-j1.00098421975729940061e-06
  -4.08258929624948302753e-04-j7.95110977256228870606e-07
  -4.08259501100618799226e-04-j6.31578957062093996736e-07
  -4.08259861678213437173e-04-j5.01680149496536418790e-07
  -4.08260089187622698254e-04-j3.98497303531660702506e-07
  -4.08260232736485924147e-04-j3.16535723835739930784e-07
  -4.08260323309747325937e-04-j2.51430741351617733087e-07
  -4.08260380457632491343e-04-j1.99715320423244637008e-07
  -4.08260416515518552005e-04-j1.58635447388786691049e-07
  -4.08260439266509692936e-04-j1.26003479777602619979e-07
  -4.08260453621415845583e-04-j1.00081651617350606905e-07
  -4.08260462678749504704e-04-j7.94895336883745366607e-08
  -4.08260468393540558278e-04-j6.31305219517204300805e-08
  -4.08260471999329348659e-04-j5.01334400457040293549e-08
  -4.08260474274427210498e-04-j3.98061462988879296589e-08
  -4.08260475709915277888e-04-j3.15986748280619826589e-08
  -4.08260476615644491306e-04-j2.50739479326451543637e-08
  -4.08260477187116777031e-04-j1.98845001549872350607e-08
  -4.08260477547684743575e-04-j1.57539744985948651127e-08
  -4.08260477775177464416e-04-j1.24624054207940065852e-08
  -4.08260477918699052260e-04-j9.83450487072050728339e-09
  -4.08260478009228957880e-04-j7.73032756404937460360e-09
  -4.08260478066307919663e-04-j6.03781838760935642437e-09
  -4.08260478102256594256e-04-j4.66684505665581444112e-09
  -4.08260478124834345556e-04-j3.54439824237015648804e-09
  -4.08260478138914770750e-04-j2.61070355903624838217e-09
  -4.08260478147536996947e-04-j1.81603836011581149090e-09
  -4.08260478152562219806e-04-j1.11808382604754453569e-09
  -4.08260478155075129392e-04-j4.79671332810178202162e-10
  -4.08260478155618314680e-04+j1.33196912831781537038e-10
  -4.08260478154308598456e-04+j7.53158379785353903182e-10
  -4.08260478150863654473e-04+j1.41322827685710521708e-09
  -4.08260478144539720041e-04+j2.14855773300793010340e-09
  -4.08260478133971784626e-04+j2.99830572314184715735e-09
  -4.08260478116878741065e-04+j4.00772442629950204034e-09
  -4.08260478089571157787e-04+j5.23056906917726988323e-09
  -4.08260478046154607051e-04+j6.73196058791333301791e-09
  -4.08260477977257624747e-04+j8.59185355529225746490e-09
  -4.08260477868008697568e-04+j1.09092940530830648092e-08
  -4.08260477694826428262e-04+j1.38076942366310651909e-08
  -4.08260477420329260644e-04+j1.74414044812849910338e-08
</dep>
<dep V3.i acfrequency>
  -2.19714663525331025862e-06-j5.38706611379465989914e-06
  -3.21412518090678279132e-06-j6.25973647664595509766e-06
  -4.54002621529673730473e-06-j7.02346825736636982306e-06
  -6.13753027033157529016e-06-j7.54200664168157417953e-06
  -7.88901518236903573421e-06-j7.70044911587266455680e-06
  -9.62143237546004575123e-06-j7.45989982299387280470e-06
  -1.11689766229663326960e-05-j6.87870438643235814283e-06
  -1.24304891332876821442e-05-j6.08109072395734333392e-06
  -1.33843273753789852008e-05-j5.20103547431275038291e-06
  -1.40653096536687223549e-05-j4.34152757836943738526e-06
  -1.45318177682807080011e-05-j3.56297857800450836190e-06
  -1.48424273410288164296e-05-j2.89066791850993670514e-06
  -1.50453342020194291907e-05-j2.32752907424706634212e-06
  -1.51762391195673661585e-05-j1.86490813500859325437e-06
  -1.52600130762924152627e-05-j1.48952638226278188949e-06
  -1.53133484117646326815e-05-j1.18730822340316769306e-06
  -1.53471929879170125523e-05-j9.45196913604534182801e-07
  -1.53686245544626811992e-05-j7.51845122969117644895e-07
  -1.53821777838651707409e-05-j5.97738574987702851737e-07
  -1.53907416000078536963e-05-j4.75065090010527886488e-07
  -1.53961499107843438909e-05-j3.77490374293878300227e-07
  -1.53995642803421851474e-05-j2.99917956916363227793e-07
  -1.54017193812051354589e-05-j2.38266888940262544505e-07
  -1.54030794683127165360e-05-j1.89279142743473821620e-07
  -1.54039377488659634410e-05-j1.50358538072905417726e-07
  -1.54044793365009319655e-05-j1.19438726152443219775e-07
  -1.54048210747924834785e-05-j9.48762801946355371907e-08
  -1.54050367048791152170e-05-j7.53647473638111020655e-08
  -1.54051727613720203518e-05-j5.98658628390633107408e-08
  -1.54052586084520651960e-05-j4.75546531970502672770e-08
  -1.54053127747900179764e-05-j3.77757014610041741420e-08
  -1.54053469516347693233e-05-j3.00083429442127291864e-08
  -1.54053685158440159802e-05-j2.38389876762445940273e-08
  -1.54053821219712882022e-05-j1.89391201575739298590e-08
  -1.54053907068696206511e-05-j1.50478171763446244569e-08
  -1.54053961235792396080e-05-j1.19578589807822766033e-08
  -1.54053995412939795687e-05-j9.50469719943058954925e-09
  -1.54054016977270791472e-05-j7.55769360982760929346e-09
  -1.54054030583448336794e-05-j6.01316397369489052949e-09
  -1.54054039168369915215e-05-j4.78885683191654365487e-09
  -1.54054044585093706727e-05-j3.81957358797091472979e-09
  -1.54054048002821843361e-05-j3.05369644848507704182e-09
  -1.54054050159272656092e-05-j2.45043972613157023943e-09
  -1.54054051519917075221e-05-j1.97767785432136303192e-09
  -1.54054052378450866427e-05-j1.61023452131325076372e-09
  -1.54054052920188982111e-05-j1.32854205341934077276e-09
  -1.54054053262065946946e-05-j1.11759925172512561274e-09
  -1.54054053477876050566e-05-j9.66172749745377503763e-10
  -1.54054053614202073194e-05-j8.66198411165729731522e-10
  -1.54054053700469939416e-05-j8.12352333816609930055e-10
  -1.54054053755300753784e-05-j8.01766938531276436626e-10
  -1.54054053790529667212e-05-j8.33878576776325056344e-10
  -1.54054053813760934925e-05-j9.10397285191872279756e-10
  -1.54054053830008924207e-05-j1.03539796561854735514e-09
  -1.54054053842780927443e-05-j1.21553744152216607220e-09
  -1.54054053854833765825e-05-j1.46040838201583764953e-09
  -1.54054053868768914704e-05-j1.78305193331992069214e-09
  -1.54054053887594425245e-05-j2.20064921788222126423e-09
  -1.54054053915373683902e-05-j2.73543882362511606957e-09
  -1.54054053958102972434e-05-j3.41590093521777917071e-09
  -1.54054054025005293790e-05-j4.27827208052024916012e-09
  -1.54054054130521678808e-05-j5.36847670462607895845e-09
  -1.54054054297427759235e-05-j6.74457277889905236540e-09
  -1.54054054561750387419e-05-j8.47984120537596542001e-09
  -1.54054054980543873095e-05-j1.06666925435453137304e-08
  -1.54054055644204792122e-05-j1.34215840431765275056e-08
  -1.54054056695984779553e-05-j1.68912238200056880775e-08
  -1.54054058362911094687e-05-j2.12603836444776500771e-08
  -1.54054061004790763547e-05-j2.67617379774946696487e-08
  -1.54054065191874962058e-05-j3.36882471091309966323e-08
  -1.54054071827947811058e-05-j4.24087850752862938308e-08
</dep>
<dep _net2.v acfrequency>
  +1.42621799226733021737e-02+j3.49686747698289973618e-02
  +2.08636196094406055346e-02+j4.06333771218754039034e-02
  +2.94703456279559808384e-02+j4.55909342893460606261e-02
  +3.98401087992157204587e-02+j4.89568851960521592148e-02
  +5.12093968323951431731e-02+j4.99853714185029135431e-02
  +6.24549119530316138027e-02+j4.84239110773507230867e-02
  +7.25003746190625991686e-02+j4.46512389202003701083e-02
  +8.06891400424645938161e-02+j3.94737466933190103702e-02
  +8.68807216181131380939e-02+j3.37611073139447229186e-02
  +9.13011329012228117774e-02+j2.81818454845251288587e-02
  +9.43293434718004975004e-02+j2.31281062993250914606e-02
  +9.63455810506489707112e-02+j1.87639844003185222998e-02
  +9.76626957632313053015e-02+j1.51085216348400743630e-02
  +9.85124294391159643913e-02+j1.21055434932194026787e-02
  +9.90562252989262842506e-02+j9.66885477891333937339e-03
  +9.94024371259094041697e-02+j7.70708760245611759765e-03
  +9.96221299888012112866e-02+j6.13548764574195406446e-03
  +9.97612471752441776207e-02+j4.88039679036452074545e-03
  +9.98492242784425193536e-02+j3.88005568242866857170e-03
  +9.99048139622132208570e-02+j3.08375366304530600103e-03
  +9.99399205409615271067e-02+j2.45037336288517117872e-03
  +9.99620839924922760522e-02+j1.94683239667463791819e-03
  +9.99760732437173921250e-02+j1.54664035614071062284e-03
  +9.99849018793339539002e-02+j1.22864859313372414701e-03
  +9.99904731741570185211e-02+j9.76004649357695478439e-04
  +9.99939887430179724648e-02+j7.75295307885943149953e-04
  +9.99962070442102085588e-02+j6.15852615287160154965e-04
  +9.99976067482822722488e-02+j4.89195968211145909045e-04
  +9.99984899220087430916e-02+j3.88585601801160168255e-04
  +9.99990471749847981142e-02+j3.08666235186159205409e-04
  +9.99993987810383760939e-02+j2.45183167798455252471e-04
  +9.99996206307324775331e-02+j1.94756344929448966218e-04
  +9.99997606089328278101e-02+j1.54700680216909158956e-04
  +9.99998489294080250556e-02+j1.22883226758556981899e-04
  +9.99999046559407883672e-02+j9.76096709828855931684e-05
  +9.99999398170379055761e-02+j7.75341449057261646862e-05
  +9.99999620022030827338e-02+j6.15875741171327322973e-05
  +9.99999760001010484789e-02+j4.89207558772926075501e-05
  +9.99999848321795753447e-02+j3.88591410894583488074e-05
  +9.99999904048452098460e-02+j3.08669146646022360533e-05
  +9.99999939209598454060e-02+j2.45184626990168723349e-05
  +9.99999961394783254409e-02+j1.94757076259367512764e-05
  +9.99999975392689144371e-02+j1.54701046750673056962e-05
  +9.99999984224770738228e-02+j1.22883410460797961900e-05
  +9.99999989797437510708e-02+j9.76097630521982806060e-06
  +9.99999993313552548724e-02+j7.75341910497605217112e-06
  +9.99999995532071389581e-02+j6.15875972440067985460e-06
  +9.99999996931861950822e-02+j4.89207674682736511768e-06
  +9.99999997815070179596e-02+j3.88591468988182880490e-06
  +9.99999998372336773578e-02+j3.08669175763148305499e-06
  +9.99999998723948291257e-02+j2.45184641585006775417e-06
  +9.99999998945800272487e-02+j1.94757083576260787638e-06
  +9.99999999085779273100e-02+j1.54701050420509564329e-06
  +9.99999999174100151489e-02+j1.22883412303475757358e-06
  +9.99999999229826685987e-02+j9.76097639800083046466e-07
  +9.99999999264988004288e-02+j7.75341915201599153326e-07
  +9.99999999287173035878e-02+j6.15875974865539333681e-07
  +9.99999999301171005328e-02+j4.89207675983821682156e-07
  +9.99999999310003107045e-02+j3.88591469747868413795e-07
  +9.99999999315575732739e-02+j3.08669176279352841687e-07
  +9.99999999319091947836e-02+j2.45184642014254538663e-07
  +9.99999999321310450995e-02+j1.94757084006083035099e-07
  +9.99999999322710164673e-02+j1.54701050906207515414e-07
  +9.99999999323593485867e-02+j1.22883412887159850916e-07
  +9.99999999324150679048e-02+j9.76097647009032097433e-08
  +9.99999999324502342191e-02+j7.75341924207361736402e-08
  +9.99999999324724109240e-02+j6.15875986168158966998e-08
  +9.99999999324864136119e-02+j4.89207690195451472209e-08
  +9.99999999324952398849e-02+j3.88591487630468561165e-08
  +9.99999999325008187556e-02+j3.08669198787810176707e-08
  +9.99999999325043298359e-02+j2.45184670348517809605e-08
</dep>
<dep _net0.v acfrequency>
  +0.00000000000000000000e+00
  +0.00000000000000000000e+00
  +0.00000000000000000000e+00
  +0.00000000000000000000e+00
  +0.00000000000000000000e+00
  +0.00000000000000000000e+00
  +0.00000000000000000000e+00
  +0.00000000000000000000e+00
  +0.00000000000000000000e+00
  +0.00000000000000000000e+00
  +0.00000000000000000000e+00
  +0.00000000000000000000e+00
  +0.00000000000000000000e+00
  +0.00000000000000000000e+00
  +0.00000000000000000000e+00
  +0.00000000000000000000e+00
  +0.00000000000000000000e+00
  +0.00000000000000000000e+00
  +0.00000000000000000000e+00
  +0.00000000000000000000e+00
  +0.00000000000000000000e+00
  +0.00000000000000000000e+00
  +0.00000000000000000000e+00
  +0.00000000000000000000e+00
  +0.00000000000000000000e+00
  +0.00000000000000000000e+00
  +0.00000000000000000000e+00
  +0.00000000000000000000e+00
  +0.00000000000000000000e+00
  +0.00000000000000000000e+00
  +0.00000000000000000000e+00
  +0.00000000000000000000e+00
  +0.00000000000000000000e+00
  +0.00000000000000000000e+00
  +0.00000000000000000000e+00
  +0.00000000000000000000e+00
  +0.00000000000000000000e+00
  +0.00000000000000000000e+00
  +0.00000000000000000000e+00
  +0.00000000000000000000e+00
  +0.00000000000000000000e+00
  +0.00000000000000000000e+00
  +0.00000000000000000000e+00
  +0.00000000000000000000e+00
  +0.00000000000000000000e+00
  +0.00000000000000000000e+00
  +0.00000000000000000000e+00
  +0.00000000000000000000e+00
  +0.00000000000000000000e+00
  +0.00000000000000000000e+00
  +0.00000000000000000000e+00
  +0.00000000000000000000e+00
  +0.00000000000000000000e+00
  +0.00000000000000000000e+00
  +0.00000000000000000000e+00
  +0.00000000000000000000e+00
  +0.00000000000000000000e+00
  +0.00000000000000000000e+00
  +0.00000000000000000000e+00
  +0.00000000000000000000e+00
  +0.00000000000000000000e+00
  +0.00000000000000000000e+00
  +0.00000000000000000000e+00
  +0.00000000000000000000e+00
  +0.00000000000000000000e+00
  +0.00000000000000000000e+00
  +0.00000000000000000000e+00
  +0.00000000000000000000e+00
  +0.00000000000000000000e+00
  +0.00000000000000000000e+00
  +0.00000000000000000000e+00
</dep>
<dep S.v acfrequency>
  +5.89977726312278238918e-03+j1.44653477554396361210e-02
  +8.63056764573113047168e-03+j1.68086418606240399487e-02
  +1.21908765711037751778e-02+j1.88594141280481013279e-02
  +1.64804938184999055784e-02+j2.02517931849170683412e-02
  +2.11835804013168413351e-02+j2.06772428472674664468e-02
  +2.58354663528718997423e-02+j2.00313199753335592634e-02
  +2.99909315451445217249e-02+j1.84706942132308107873e-02
  +3.33783444315314953288e-02+j1.63289423154067137034e-02
  +3.59395904963570600454e-02+j1.39658182978313425565e-02
  +3.77681638366976976662e-02+j1.16578680224252353298e-02
  +3.90208312388134262449e-02+j9.56730853622055933683e-03
  +3.98548799388886085260e-02+j7.76202019434922649982e-03
  +4.03997253605807224441e-02+j6.24987995945305938733e-03
  +4.07512311926396947337e-02+j5.00765035338345074895e-03
  +4.09761809876137972353e-02+j3.99967536403439752335e-03
  +4.11193970090168170461e-02+j3.18815921272433237810e-03
  +4.12102764513171404559e-02+j2.53804192963133154470e-03
  +4.12678244852036704704e-02+j2.01885366421165326697e-03
  +4.13042176113554357353e-02+j1.60504667888768169474e-03
  +4.13272131670245346236e-02+j1.27564370430204455237e-03
  +4.13417355609508666014e-02+j1.01363588774650752525e-03
  +4.13509038247171639702e-02+j8.05338175349818818742e-04
  +4.13566907006893830223e-02+j6.39792389303422536634e-04
  +4.13603428060447739223e-02+j5.08250055810182343151e-04
  +4.13626474606418603752e-02+j4.03739888357660401189e-04
  +4.13641017315419037836e-02+j3.20713297394861643428e-04
  +4.13650193670652074895e-02+j2.54757315398081228379e-04
  +4.13655983768872748119e-02+j2.02363807171149066204e-04
  +4.13659637157274204244e-02+j1.60744763292617633393e-04
  +4.13661942322722797627e-02+j1.27684888486033178623e-04
  +4.13663396797011931327e-02+j1.01424160443759308454e-04
  +4.13664314513509934201e-02+j8.05643685705959147281e-05
  +4.13664893555569512795e-02+j6.39947876716971241623e-05
  +4.13665258907243843511e-02+j5.08330946976075700723e-05
  +4.13665489428898039415e-02+j4.03784153608597123583e-05
  +4.13665634878361346272e-02+j3.20740168327332103018e-05
  +4.13665726650821047317e-02+j2.54776681142013636434e-05
  +4.13665784555349441698e-02+j2.02380938447680923874e-05
  +4.13665821090645202673e-02+j1.60762697246808836256e-05
  +4.13665844142862074162e-02+j1.27705645140632818201e-05
  +4.13665858687829110507e-02+j1.01449378927493885508e-05
  +4.13665867865083830557e-02+j8.05956593770284283028e-06
  +4.13665873655540972109e-02+j6.40339512276162942664e-06
  +4.13665877309073379275e-02+j5.08822838032852159797e-06
  +4.13665879614297862799e-02+j4.04402831944728980226e-06
  +4.13665881068798688136e-02+j3.21518749615046111172e-06
  +4.13665881986530342695e-02+j2.55756712271891057205e-06
  +4.13665882565585757424e-02+j2.03614652050505997219e-06
  +4.13665882930954326158e-02+j1.62315814320748799726e-06
  +4.13665883161501088394e-02+j1.29660885483603966410e-06
  +4.13665883306989640156e-02+j1.03910871555355306687e-06
  +4.13665883398823958084e-02+j8.36944904233165859978e-07
  +4.13665883456826241615e-02+j6.79351460862792849554e-07
  +4.13665883493516406411e-02+j5.57935959983111739114e-07
  +4.13665883516814089638e-02+j4.66232583462268349490e-07
  +4.13665883531748185264e-02+j3.99357792119426809774e-07
  +4.13665883541542087065e-02+j3.53750259463893039721e-07
  +4.13665883548309937234e-02+j3.26981218077251368381e-07
  +4.13665883553512511717e-02+j3.17625118893871266810e-07
  +4.13665883558272662324e-02+j3.25183715515872215237e-07
  +4.13665883563618247409e-02+j3.50059530775979047480e-07
  +4.13665883570702649918e-02+j3.93577292546191863158e-07
  +4.13665883581055271456e-02+j4.58054480327258962103e-07
  +4.13665883596910852193e-02+j5.46924739481908875292e-07
  +4.13665883621691654604e-02+j6.64920735369350113264e-07
  +4.13665883660746594441e-02+j8.18326185029516425817e-07
  +4.13665883722505803299e-02+j1.01531048802136489789e-06
  +4.13665883820300075979e-02+j1.26636377672375042975e-06
  +4.13665883975238221626e-02+j1.58485555410609149605e-06
  +4.13665884220763765966e-02+j1.98774666845187167406e-06
  +4.13665884609873552025e-02+j2.49649254025450903396e-06
</dep>
<dep Vout.v acfrequency>
  -5.89977726327106724580e-02-j1.44653477553791570687e-01
  -8.63056764594805070345e-02-j1.68086418605126602932e-01
  -1.21908765714101766098e-01-j1.88594141278500410097e-01
  -1.64804938189141214622e-01-j2.02517931845799858959e-01
  -2.11835804018492640521e-01-j2.06772428467219993031e-01
  -2.58354663535212414338e-01-j2.00313199744960562798e-01
  -2.99909315458983083413e-01-j1.84706942120068745572e-01
  -3.33783444323704214796e-01-j1.63289423136918354640e-01
  -3.59395904972603652539e-01-j1.39658182955067822206e-01
  -3.77681638376469508422e-01-j1.16578680193498915307e-01
  -3.90208312397941681215e-01-j9.56730853222052118889e-02
  -3.98548799398903030866e-01-j7.76202018920584269068e-02
  -4.03997253615961171569e-01-j6.24987995288940334504e-02
  -4.07512311936639226584e-01-j5.00765034504840125806e-02
  -4.09761809886436956241e-01-j3.99967535348326880262e-02
  -4.11193970100503070064e-01-j3.18815919939482300682e-02
  -4.12102764523529063734e-01-j2.53804191281338659136e-02
  -4.12678244862408893923e-01-j2.01885364300954765759e-02
  -4.13042176123935678156e-01-j1.60504665217227407426e-02
  -4.13272131680632481832e-01-j1.27564367065061377848e-02
  -4.13417355619899451469e-01-j1.01363584536697942662e-02
  -4.13509038257564742747e-01-j8.05338121985322077934e-03
  -4.13566907017288376558e-01-j6.39792322112099805242e-03
  -4.13603428070843104347e-01-j5.08249971213848867474e-03
  -4.13626474616814454599e-01-j4.03739781851252151068e-03
  -4.13641017325815374406e-01-j3.20713163306523500046e-03
  -4.13650193681048605754e-01-j2.54757146587120206910e-03
  -4.13655983779269542655e-01-j2.02363594647765598911e-03
  -4.13659637167671012659e-01-j1.60744495739166613595e-03
  -4.13661942333119703186e-01-j1.27684551654317626421e-03
  -4.13663396807408934031e-01-j1.01423736396262119050e-03
  -4.13664314523906673227e-01-j8.05638347252415312934e-04
  -4.13664893565966362843e-01-j6.39941155992737489670e-04
  -4.13665258917640776826e-01-j5.08322486078079983918e-04
  -4.13665489439295153140e-01-j4.03773501963168037453e-04
  -4.13665634888758182441e-01-j3.20726758695508889010e-04
  -4.13665726661217647564e-01-j2.54759799412003300721e-04
  -4.13665784565745986434e-01-j2.02359685605800937490e-04
  -4.13665821101041608632e-01-j1.60735941501730377097e-04
  -4.13665844153257966642e-01-j1.27671961651364867033e-04
  -4.13665858698224420120e-01-j1.01406973925405544264e-04
  -4.13665867875478043825e-01-j8.05422746411278895652e-05
  -4.13665873665933492287e-01-j6.39667438260483933775e-05
  -4.13665877319463193285e-01-j5.07976746968434673328e-05
  -4.13665879624683652249e-01-j4.03337666397106121277e-05
  -4.13665881079177677471e-01-j3.20177785634660863915e-05
  -4.13665881996898854300e-01-j2.54068538636938451704e-05
  -4.13665882575937560173e-01-j2.01489367358968218271e-05
  -4.13665882941279816620e-01-j1.59640239412911814302e-05
  -4.13665883171784654060e-01-j1.26292536239092216294e-05
  -4.13665883317206939385e-01-j9.96703710941510402730e-06
  -4.13665883408935897148e-01-j7.83560166327978577184e-06
  -4.13665883466771522325e-01-j6.12144057702584771591e-06
  -4.13665883503197606696e-01-j4.73326852276579911657e-06
  -4.13665883526076583188e-01-j3.59716027695394412260e-06
  -4.13665883540347112390e-01-j2.65261393283092953088e-06
  -4.13665883549089230531e-01-j1.84932895335178603514e-06
  -4.13665883554190205729e-01-j1.14452748420883170910e-06
  -4.13665883556750824113e-01-j5.00676277120873667930e-07
  -4.13665883557324032260e-01+j1.16512092492356847205e-07
  -4.13665883556033453505e-01+j7.39905155892691901117e-07
  -4.13665883552600477380e-01+j1.40270086691083030282e-06
  -4.13665883546284030015e-01+j2.14019551404002642903e-06
  -4.13665883535720979580e-01+j2.99166337649929945942e-06
  -4.13665883518630872473e-01+j4.00244822280215694195e-06
  -4.13665883491325270249e-01+j5.22637803174912280341e-06
  -4.13665883447909776827e-01+j6.72863152852863946710e-06
  -4.13665883379013554766e-01+j8.58920918939930832310e-06
  -4.13665883269765111141e-01+j1.09071935585553335136e-05
  -4.13665883096583253398e-01+j1.38060257544754578796e-05
  -4.13665882822086272697e-01+j1.74400791587425650869e-05
</dep>
<dep _net1.v acfrequency>
  -0.00000000000000000000e+00
  -0.00000000000000000000e+00
  -0.00000000000000000000e+00
  -0.00000000000000000000e+00
  -0.00000000000000000000e+00
  -0.00000000000000000000e+00
  -0.00000000000000000000e+00
  -0.00000000000000000000e+00
  -0.00000000000000000000e+00
  -0.00000000000000000000e+00
  -0.00000000000000000000e+00
  -0.00000000000000000000e+00
  -0.00000000000000000000e+00
  -0.00000000000000000000e+00
  -0.00000000000000000000e+00
  -0.00000000000000000000e+00
  -0.00000000000000000000e+00
  -0.00000000000000000000e+00
  -0.00000000000000000000e+00
  -0.00000000000000000000e+00
  -0.00000000000000000000e+00
  -0.00000000000000000000e+00
  -0.00000000000000000000e+00
  -0.00000000000000000000e+00
  -0.00000000000000000000e+00
  -0.00000000000000000000e+00
  -0.00000000000000000000e+00
  -0.00000000000000000000e+00
  -0.00000000000000000000e+00
  -0.00000000000000000000e+00
  -0.00000000000000000000e+00
  -0.00000000000000000000e+00
  -0.00000000000000000000e+00
  -0.00000000000000000000e+00
  -0.00000000000000000000e+00
  -0.00000000000000000000e+00
  -0.00000000000000000000e+00
  -0.00000000000000000000e+00
  -0.00000000000000000000e+00
  -0.00000000000000000000e+00
  -0.00000000000000000000e+00
  -0.00000000000000000000e+00
  -0.00000000000000000000e+00
  -0.00000000000000000000e+00
  -0.00000000000000000000e+00
  -0.00000000000000000000e+00
  -0.00000000000000000000e+00
  -0.00000000000000000000e+00
  -0.00000000000000000000e+00
  -0.00000000000000000000e+00
  -0.00000000000000000000e+00
  -0.00000000000000000000e+00
  -0.00000000000000000000e+00
  -0.00000000000000000000e+00
  -0.00000000000000000000e+00
  -0.00000000000000000000e+00
  -0.00000000000000000000e+00
  -0.00000000000000000000e+00
  -0.00000000000000000000e+00
  +0.00000000000000000000e+00
  +0.00000000000000000000e+00
  +0.00000000000000000000e+00
  +0.00000000000000000000e+00
  +0.00000000000000000000e+00
  +0.00000000000000000000e+00
  +0.00000000000000000000e+00
  +0.00000000000000000000e+00
  +0.00000000000000000000e+00
  +0.00000000000000000000e+00
  +0.00000000000000000000e+00
  +0.00000000000000000000e+00
</dep>
<dep Vin.v acfrequency>
  +1.00000000000000005551e-01
  +1.00000000000000005551e-01
  +1.00000000000000005551e-01
  +1.00000000000000005551e-01
  +1.00000000000000005551e-01
  +1.00000000000000005551e-01
  +1.00000000000000005551e-01
  +1.00000000000000005551e-01
  +1.00000000000000005551e-01
  +1.00000000000000005551e-01
  +1.00000000000000005551e-01
  +1.00000000000000005551e-01
  +1.00000000000000005551e-01
  +1.00000000000000005551e-01
  +1.00000000000000005551e-01
  +1.00000000000000005551e-01
  +1.00000000000000005551e-01
  +1.00000000000000005551e-01
  +1.00000000000000005551e-01
  +1.00000000000000005551e-01
  +1.00000000000000005551e-01
  +1.00000000000000005551e-01
  +1.00000000000000005551e-01
  +1.00000000000000005551e-01
  +1.00000000000000005551e-01
  +1.00000000000000005551e-01
  +1.00000000000000005551e-01
  +1.00000000000000005551e-01
  +1.00000000000000005551e-01
  +1.00000000000000005551e-01
  +1.00000000000000005551e-01
  +1.00000000000000005551e-01
  +1.00000000000000005551e-01
  +1.00000000000000005551e-01
  +1.00000000000000005551e-01
  +1.00000000000000005551e-01
  +1.00000000000000005551e-01
  +1.00000000000000005551e-01
  +1.00000000000000005551e-01
  +1.00000000000000005551e-01
  +1.00000000000000005551e-01
  +1.00000000000000005551e-01
  +1.00000000000000005551e-01
  +1.00000000000000005551e-01
  +1.00000000000000005551e-01
  +1.00000000000000005551e-01
  +1.00000000000000005551e-01
  +1.00000000000000005551e-01
  +1.00000000000000005551e-01
  +1.00000000000000005551e-01
  +1.00000000000000005551e-01
  +1.00000000000000005551e-01
  +1.00000000000000005551e-01
  +1.00000000000000005551e-01
  +1.00000000000000005551e-01
  +1.00000000000000005551e-01
  +1.00000000000000005551e-01
  +1.00000000000000005551e-01
  +1.00000000000000005551e-01
  +1.00000000000000005551e-01
  +1.00000000000000005551e-01
  +1.00000000000000005551e-01
  +1.00000000000000005551e-01
  +1.00000000000000005551e-01
  +1.00000000000000005551e-01
  +1.00000000000000005551e-01
  +1.00000000000000005551e-01
  +1.00000000000000005551e-01
  +1.00000000000000005551e-01
  +1.00000000000000005551e-01
  +1.00000000000000005551e-01
</dep>
<indep Pr1.I 1>
  +2.48873745769594492683e-03
</indep>
<indep V1.I 1>
  -2.66417605418717284849e-03
</indep>
<indep V3.I 1>
  +0.00000000000000000000e+00
</indep>
<indep _net2.V 1>
  +1.75438596491228082641e+00
</indep>
<indep _net0.V 1>
  +5.00000000000000000000e+00
</indep>
<indep S.V 1>
  +2.48873745769594423294e-01
</indep>
<indep Vout.V 1>
  +2.51126254230405621115e+00
</indep>
<indep _net1.V 1>
  +5.00000000000000000000e+00
</indep>
<indep Vin.V 1>
  +0.00000000000000000000e+00
</indep>
