<Qucs Dataset 0.0.19>
<indep time 201>
  +0.00000000000000000000e+00
  +1.00000000000000008180e-05
  +2.00000000000000016361e-05
  +3.00000000000000041482e-05
  +4.00000000000000032721e-05
  +5.00000000000000023961e-05
  +6.00000000000000082963e-05
  +7.00000000000000074203e-05
  +8.00000000000000065442e-05
  +9.00000000000000056682e-05
  +1.00000000000000004792e-04
  +1.10000000000000003916e-04
  +1.20000000000000016593e-04
  +1.30000000000000015717e-04
  +1.40000000000000014841e-04
  +1.50000000000000013965e-04
  +1.60000000000000013088e-04
  +1.70000000000000012212e-04
  +1.80000000000000011336e-04
  +1.90000000000000010460e-04
  +2.00000000000000009584e-04
  +2.10000000000000008708e-04
  +2.20000000000000007832e-04
  +2.30000000000000006956e-04
  +2.40000000000000033185e-04
  +2.50000000000000005204e-04
  +2.60000000000000031433e-04
  +2.70000000000000003452e-04
  +2.80000000000000029681e-04
  +2.90000000000000001700e-04
  +3.00000000000000027929e-04
  +3.09999999999999999948e-04
  +3.20000000000000026177e-04
  +3.30000000000000052406e-04
  +3.40000000000000024425e-04
  +3.50000000000000050654e-04
  +3.60000000000000022673e-04
  +3.70000000000000048902e-04
  +3.80000000000000020921e-04
  +3.90000000000000047150e-04
  +4.00000000000000019169e-04
  +4.10000000000000045398e-04
  +4.20000000000000017417e-04
  +4.30000000000000043646e-04
  +4.40000000000000015665e-04
  +4.50000000000000041894e-04
  +4.60000000000000013912e-04
  +4.70000000000000040142e-04
  +4.80000000000000066371e-04
  +4.90000000000000092600e-04
  +5.00000000000000010408e-04
  +5.10000000000000036637e-04
  +5.20000000000000062866e-04
  +5.30000000000000089095e-04
  +5.40000000000000006904e-04
  +5.50000000000000033133e-04
  +5.60000000000000059362e-04
  +5.70000000000000085591e-04
  +5.80000000000000003400e-04
  +5.90000000000000029629e-04
  +6.00000000000000055858e-04
  +6.10000000000000082087e-04
  +6.19999999999999999896e-04
  +6.30000000000000026125e-04
  +6.40000000000000052354e-04
  +6.50000000000000078583e-04
  +6.60000000000000104812e-04
  +6.70000000000000022621e-04
  +6.80000000000000048850e-04
  +6.90000000000000075079e-04
  +7.00000000000000101308e-04
  +7.10000000000000019117e-04
  +7.20000000000000045346e-04
  +7.30000000000000071575e-04
  +7.40000000000000097804e-04
  +7.50000000000000015613e-04
  +7.60000000000000041842e-04
  +7.70000000000000068071e-04
  +7.80000000000000094300e-04
  +7.90000000000000012108e-04
  +8.00000000000000038337e-04
  +8.10000000000000064566e-04
  +8.20000000000000090795e-04
  +8.30000000000000117024e-04
  +8.40000000000000034833e-04
  +8.50000000000000061062e-04
  +8.60000000000000087291e-04
  +8.70000000000000113520e-04
  +8.80000000000000031329e-04
  +8.90000000000000057558e-04
  +9.00000000000000083787e-04
  +9.10000000000000110016e-04
  +9.20000000000000027825e-04
  +9.30000000000000054054e-04
  +9.40000000000000080283e-04
  +9.50000000000000106512e-04
  +9.60000000000000132741e-04
  +9.70000000000000050550e-04
  +9.80000000000000185199e-04
  +9.89999999999999994588e-04
  +1.00000000000000002082e-03
  +1.01000000000000004705e-03
  +1.02000000000000007327e-03
  +1.03000000000000009950e-03
  +1.04000000000000012573e-03
  +1.05000000000000015196e-03
  +1.06000000000000017819e-03
  +1.06999999999999998758e-03
  +1.08000000000000001381e-03
  +1.09000000000000004004e-03
  +1.10000000000000006627e-03
  +1.11000000000000009250e-03
  +1.12000000000000011872e-03
  +1.13000000000000014495e-03
  +1.14000000000000017118e-03
  +1.15000000000000019741e-03
  +1.16000000000000000680e-03
  +1.17000000000000003303e-03
  +1.18000000000000005926e-03
  +1.19000000000000008549e-03
  +1.20000000000000011172e-03
  +1.21000000000000013795e-03
  +1.22000000000000016417e-03
  +1.23000000000000019040e-03
  +1.23999999999999999979e-03
  +1.25000000000000002602e-03
  +1.26000000000000005225e-03
  +1.27000000000000007848e-03
  +1.28000000000000010471e-03
  +1.29000000000000013094e-03
  +1.30000000000000015717e-03
  +1.31000000000000018339e-03
  +1.32000000000000020962e-03
  +1.33000000000000001901e-03
  +1.34000000000000004524e-03
  +1.35000000000000007147e-03
  +1.36000000000000009770e-03
  +1.37000000000000012393e-03
  +1.38000000000000015016e-03
  +1.39000000000000017639e-03
  +1.40000000000000020262e-03
  +1.41000000000000001200e-03
  +1.42000000000000003823e-03
  +1.43000000000000006446e-03
  +1.44000000000000009069e-03
  +1.45000000000000011692e-03
  +1.46000000000000014315e-03
  +1.47000000000000016938e-03
  +1.48000000000000019561e-03
  +1.49000000000000022184e-03
  +1.50000000000000003123e-03
  +1.51000000000000005745e-03
  +1.52000000000000008368e-03
  +1.53000000000000010991e-03
  +1.54000000000000013614e-03
  +1.55000000000000016237e-03
  +1.56000000000000018860e-03
  +1.57000000000000021483e-03
  +1.58000000000000002422e-03
  +1.59000000000000005045e-03
  +1.60000000000000007667e-03
  +1.61000000000000010290e-03
  +1.62000000000000012913e-03
  +1.63000000000000015536e-03
  +1.64000000000000018159e-03
  +1.65000000000000020782e-03
  +1.66000000000000023405e-03
  +1.67000000000000004344e-03
  +1.68000000000000006967e-03
  +1.69000000000000009590e-03
  +1.70000000000000012212e-03
  +1.71000000000000014835e-03
  +1.72000000000000017458e-03
  +1.73000000000000020081e-03
  +1.74000000000000022704e-03
  +1.75000000000000003643e-03
  +1.76000000000000006266e-03
  +1.77000000000000008889e-03
  +1.78000000000000011512e-03
  +1.79000000000000014135e-03
  +1.80000000000000016757e-03
  +1.81000000000000019380e-03
  +1.82000000000000022003e-03
  +1.83000000000000024626e-03
  +1.84000000000000005565e-03
  +1.85000000000000008188e-03
  +1.86000000000000010811e-03
  +1.87000000000000013434e-03
  +1.88000000000000016057e-03
  +1.89000000000000018680e-03
  +1.90000000000000021302e-03
  +1.91000000000000023925e-03
  +1.92000000000000026548e-03
  +1.93000000000000007487e-03
  +1.94000000000000010110e-03
  +1.95000000000000012733e-03
  +1.96000000000000037040e-03
  +1.96999999999999996295e-03
  +1.97999999999999998918e-03
  +1.99000000000000001540e-03
  +2.00000000000000004163e-03
</indep>
<dep Pr1.It time>
  +9.99984588730076610907e-04
  +1.02984465447483177977e-03
  +1.06112437671129398141e-03
  +1.09216270527923760975e-03
  +1.12283727677856925813e-03
  +1.15302701739914510368e-03
  +1.18261277513298621207e-03
  +1.21147778540232442350e-03
  +1.23950812979725590209e-03
  +1.26659318472237096553e-03
  +1.29262605755493917466e-03
  +1.31750400831071078425e-03
  +1.34112885502578348985e-03
  +1.36340736119722151162e-03
  +1.38425160372747228267e-03
  +1.40357931990878789623e-03
  +1.42131423207300091813e-03
  +1.43738634862302988235e-03
  +1.45173224025701682119e-03
  +1.46429529029447791540e-03
  +1.47502591811632757270e-03
  +1.48388177483686528775e-03
  +1.49082791043545219607e-03
  +1.49583691168825869480e-03
  +1.49888901035573058988e-03
  +1.49997216119879673950e-03
  +1.49908208951592385877e-03
  +1.49622230801340792491e-03
  +1.49140410294233043478e-03
  +1.48464648955687751435e-03
  +1.47597613706982179298e-03
  +1.46542726340132228695e-03
  +1.45304150013642703262e-03
  +1.43886772822422541983e-03
  +1.42296188506707359765e-03
  +1.40538674376122600662e-03
  +1.38621166536009735384e-03
  +1.36551232513787662408e-03
  +1.34337041393379303875e-03
  +1.31987331575569074443e-03
  +1.29511376291527725672e-03
  +1.26918947005604789910e-03
  +1.24220274851823716915e-03
  +1.21426010256269379002e-03
  +1.18547180904722332037e-03
  +1.15595148221421138365e-03
  +1.12581562530711344269e-03
  +1.09518317078537846809e-03
  +1.06417501095236607077e-03
  +1.03291352084865640897e-03
  +1.00152207529367333859e-03
  +9.70124561981634673559e-04
  +9.38844892553423082844e-04
  +9.07806513573950878832e-04
  +8.77131919344962857239e-04
  +8.46942168475992105542e-04
  +8.17356406121333054458e-04
  +7.88491393768550531858e-04
  +7.60461048434231488141e-04
  +7.33375993085563196612e-04
  +7.07343120062022749465e-04
  +6.82465169220145212794e-04
  +6.58840322466249070539e-04
  +6.36561816277305845754e-04
  +6.15717573739162299731e-04
  +5.96389857554287792542e-04
  +5.78654945388470368269e-04
  +5.62582828837718024358e-04
  +5.48236937203404740664e-04
  +5.35673887165796845482e-04
  +5.24943259343881051850e-04
  +5.16087402623312979134e-04
  +5.09141267024712626706e-04
  +5.04132265771900381704e-04
  +5.01080167104425667698e-04
  +4.99997016261358108620e-04
  +5.00887087944230555668e-04
  +5.03746869446745839001e-04
  +5.08565074517823545973e-04
  +5.15322687903276249570e-04
  +5.23993040390331970939e-04
  +5.34541914058831368547e-04
  +5.46927677323726731291e-04
  +5.61101449235928777769e-04
  +5.77007292393079624163e-04
  +5.94582433698927865715e-04
  +6.13757512100056843753e-04
  +6.34456852322277139837e-04
  +6.56598763526360833589e-04
  +6.80095861704462911063e-04
  +7.04855414544876832453e-04
  +7.30779707404105973237e-04
  +7.57766428941916377927e-04
  +7.85709074897460082315e-04
  +8.14497368412930443544e-04
  +8.44017695245942163422e-04
  +8.74153552153040321222e-04
  +9.04786006674775404243e-04
  +9.35794166507787801568e-04
  +9.67055656611496487589e-04
  +9.98447102166480316907e-04
  +1.02984461547851887352e-03
  +1.06112428490673068107e-03
  +1.09216266388620299350e-03
  +1.12283725811519112352e-03
  +1.15302700898416176679e-03
  +1.18261277133882070946e-03
  +1.21147778369160236470e-03
  +1.23950812902592195051e-03
  +1.26659318437459035046e-03
  +1.29262605739813123129e-03
  +1.31750400824000909322e-03
  +1.34112885499390491022e-03
  +1.36340736118284780974e-03
  +1.38425160372099178945e-03
  +1.40357931990586640505e-03
  +1.42131423207168339565e-03
  +1.43738634862243595640e-03
  +1.45173224025674880641e-03
  +1.46429529029435735211e-03
  +1.47502591811627314575e-03
  +1.48388177483684078478e-03
  +1.49082791043544135405e-03
  +1.49583691168825370747e-03
  +1.49888901035572798780e-03
  +1.49997216119879587214e-03
  +1.49908208951592320825e-03
  +1.49622230801340792491e-03
  +1.49140410294233043478e-03
  +1.48464648955687751435e-03
  +1.47597613706982179298e-03
  +1.46542726340132272063e-03
  +1.45304150013642746631e-03
  +1.43886772822422541983e-03
  +1.42296188506707381449e-03
  +1.40538674376122600662e-03
  +1.38621166536009778752e-03
  +1.36551232513787640724e-03
  +1.34337041393379303875e-03
  +1.31987331575569117811e-03
  +1.29511376291527703988e-03
  +1.26918947005604811594e-03
  +1.24220274851823760283e-03
  +1.21426010256269357318e-03
  +1.18547180904722353721e-03
  +1.15595148221421181733e-03
  +1.12581562530711387637e-03
  +1.09518317078537803441e-03
  +1.06417501095236607077e-03
  +1.03291352084865705949e-03
  +1.00152207529367377227e-03
  +9.70124561981635107240e-04
  +9.38844892553423950206e-04
  +9.07806513573950661991e-04
  +8.77131919344963074080e-04
  +8.46942168475992539223e-04
  +8.17356406121332837618e-04
  +7.88491393768550531858e-04
  +7.60461048434232138662e-04
  +7.33375993085563413452e-04
  +7.07343120062022966306e-04
  +6.82465169220145646475e-04
  +6.58840322466249287379e-04
  +6.36561816277305520494e-04
  +6.15717573739162299731e-04
  +5.96389857554288009382e-04
  +5.78654945388470151428e-04
  +5.62582828837718349618e-04
  +5.48236937203404957504e-04
  +5.35673887165796845482e-04
  +5.24943259343881160270e-04
  +5.16087402623313195975e-04
  +5.09141267024712735126e-04
  +5.04132265771900381704e-04
  +5.01080167104425776119e-04
  +4.99997016261358108620e-04
  +5.00887087944230555668e-04
  +5.03746869446745947421e-04
  +5.08565074517823545973e-04
  +5.15322687903276466410e-04
  +5.23993040390332079359e-04
  +5.34541914058831260127e-04
  +5.46927677323727056552e-04
  +5.61101449235928777769e-04
  +5.77007292393079732583e-04
  +5.94582433698927757294e-04
  +6.13757512100056410072e-04
  +6.34456852322276922997e-04
  +6.56598763526361158850e-04
  +6.80095861704462911063e-04
  +7.04855414544876832453e-04
  +7.30779707404106298498e-04
  +7.57766428941916811608e-04
  +7.85709074897459431794e-04
  +8.14497368412930335124e-04
  +8.44017695245942055002e-04
  +8.74153552153040754903e-04
  +9.04786006674774753722e-04
  +9.35794166507786934206e-04
  +9.67055656611496053908e-04
  +9.98447102166480316907e-04
</dep>
<dep V1.It time>
  +0.00000000000000000000e+00
  +0.00000000000000000000e+00
  +0.00000000000000000000e+00
  +0.00000000000000000000e+00
  +0.00000000000000000000e+00
  +0.00000000000000000000e+00
  +0.00000000000000000000e+00
  +0.00000000000000000000e+00
  +0.00000000000000000000e+00
  +0.00000000000000000000e+00
  +0.00000000000000000000e+00
  +0.00000000000000000000e+00
  +0.00000000000000000000e+00
  +0.00000000000000000000e+00
  +0.00000000000000000000e+00
  +0.00000000000000000000e+00
  +0.00000000000000000000e+00
  +0.00000000000000000000e+00
  +0.00000000000000000000e+00
  +0.00000000000000000000e+00
  +0.00000000000000000000e+00
  +0.00000000000000000000e+00
  +0.00000000000000000000e+00
  +0.00000000000000000000e+00
  +0.00000000000000000000e+00
  +0.00000000000000000000e+00
  +0.00000000000000000000e+00
  +0.00000000000000000000e+00
  +0.00000000000000000000e+00
  +0.00000000000000000000e+00
  +0.00000000000000000000e+00
  +0.00000000000000000000e+00
  +0.00000000000000000000e+00
  +0.00000000000000000000e+00
  +0.00000000000000000000e+00
  +0.00000000000000000000e+00
  +0.00000000000000000000e+00
  +0.00000000000000000000e+00
  +0.00000000000000000000e+00
  +0.00000000000000000000e+00
  +0.00000000000000000000e+00
  +0.00000000000000000000e+00
  +0.00000000000000000000e+00
  +0.00000000000000000000e+00
  +0.00000000000000000000e+00
  +0.00000000000000000000e+00
  +0.00000000000000000000e+00
  +0.00000000000000000000e+00
  +0.00000000000000000000e+00
  +0.00000000000000000000e+00
  +0.00000000000000000000e+00
  +0.00000000000000000000e+00
  +0.00000000000000000000e+00
  +0.00000000000000000000e+00
  +0.00000000000000000000e+00
  +0.00000000000000000000e+00
  +0.00000000000000000000e+00
  +0.00000000000000000000e+00
  +0.00000000000000000000e+00
  +0.00000000000000000000e+00
  +0.00000000000000000000e+00
  +0.00000000000000000000e+00
  +0.00000000000000000000e+00
  +0.00000000000000000000e+00
  +0.00000000000000000000e+00
  +0.00000000000000000000e+00
  +0.00000000000000000000e+00
  +0.00000000000000000000e+00
  +0.00000000000000000000e+00
  +0.00000000000000000000e+00
  +0.00000000000000000000e+00
  +0.00000000000000000000e+00
  +0.00000000000000000000e+00
  +0.00000000000000000000e+00
  +0.00000000000000000000e+00
  +0.00000000000000000000e+00
  +0.00000000000000000000e+00
  +0.00000000000000000000e+00
  +0.00000000000000000000e+00
  +0.00000000000000000000e+00
  +0.00000000000000000000e+00
  +0.00000000000000000000e+00
  +0.00000000000000000000e+00
  +0.00000000000000000000e+00
  +0.00000000000000000000e+00
  +0.00000000000000000000e+00
  +0.00000000000000000000e+00
  +0.00000000000000000000e+00
  +0.00000000000000000000e+00
  +0.00000000000000000000e+00
  +0.00000000000000000000e+00
  +0.00000000000000000000e+00
  +0.00000000000000000000e+00
  +0.00000000000000000000e+00
  +0.00000000000000000000e+00
  +0.00000000000000000000e+00
  +0.00000000000000000000e+00
  +0.00000000000000000000e+00
  +0.00000000000000000000e+00
  +0.00000000000000000000e+00
  +0.00000000000000000000e+00
  +0.00000000000000000000e+00
  +0.00000000000000000000e+00
  +0.00000000000000000000e+00
  +0.00000000000000000000e+00
  +0.00000000000000000000e+00
  +0.00000000000000000000e+00
  +0.00000000000000000000e+00
  +0.00000000000000000000e+00
  +0.00000000000000000000e+00
  +0.00000000000000000000e+00
  +0.00000000000000000000e+00
  +0.00000000000000000000e+00
  +0.00000000000000000000e+00
  +0.00000000000000000000e+00
  +0.00000000000000000000e+00
  +0.00000000000000000000e+00
  +0.00000000000000000000e+00
  +0.00000000000000000000e+00
  +0.00000000000000000000e+00
  +0.00000000000000000000e+00
  +0.00000000000000000000e+00
  +0.00000000000000000000e+00
  +0.00000000000000000000e+00
  +0.00000000000000000000e+00
  +0.00000000000000000000e+00
  +0.00000000000000000000e+00
  +0.00000000000000000000e+00
  +0.00000000000000000000e+00
  +0.00000000000000000000e+00
  +0.00000000000000000000e+00
  +0.00000000000000000000e+00
  +0.00000000000000000000e+00
  +0.00000000000000000000e+00
  +0.00000000000000000000e+00
  +0.00000000000000000000e+00
  +0.00000000000000000000e+00
  +0.00000000000000000000e+00
  +0.00000000000000000000e+00
  +0.00000000000000000000e+00
  +0.00000000000000000000e+00
  +0.00000000000000000000e+00
  +0.00000000000000000000e+00
  +0.00000000000000000000e+00
  +0.00000000000000000000e+00
  +0.00000000000000000000e+00
  +0.00000000000000000000e+00
  +0.00000000000000000000e+00
  +0.00000000000000000000e+00
  +0.00000000000000000000e+00
  +0.00000000000000000000e+00
  +0.00000000000000000000e+00
  +0.00000000000000000000e+00
  +0.00000000000000000000e+00
  +0.00000000000000000000e+00
  +0.00000000000000000000e+00
  +0.00000000000000000000e+00
  +0.00000000000000000000e+00
  +0.00000000000000000000e+00
  +0.00000000000000000000e+00
  +0.00000000000000000000e+00
  +0.00000000000000000000e+00
  +0.00000000000000000000e+00
  +0.00000000000000000000e+00
  +0.00000000000000000000e+00
  +0.00000000000000000000e+00
  +0.00000000000000000000e+00
  +0.00000000000000000000e+00
  +0.00000000000000000000e+00
  +0.00000000000000000000e+00
  +0.00000000000000000000e+00
  +0.00000000000000000000e+00
  +0.00000000000000000000e+00
  +0.00000000000000000000e+00
  +0.00000000000000000000e+00
  +0.00000000000000000000e+00
  +0.00000000000000000000e+00
  +0.00000000000000000000e+00
  +0.00000000000000000000e+00
  +0.00000000000000000000e+00
  +0.00000000000000000000e+00
  +0.00000000000000000000e+00
  +0.00000000000000000000e+00
  +0.00000000000000000000e+00
  +0.00000000000000000000e+00
  +0.00000000000000000000e+00
  +0.00000000000000000000e+00
  +0.00000000000000000000e+00
  +0.00000000000000000000e+00
  +0.00000000000000000000e+00
  +0.00000000000000000000e+00
  +0.00000000000000000000e+00
  +0.00000000000000000000e+00
  +0.00000000000000000000e+00
  +0.00000000000000000000e+00
  +0.00000000000000000000e+00
  +0.00000000000000000000e+00
  +0.00000000000000000000e+00
  +0.00000000000000000000e+00
  +0.00000000000000000000e+00
  +0.00000000000000000000e+00
</dep>
<dep V2.It time>
  +0.00000000000000000000e+00
  +0.00000000000000000000e+00
  +0.00000000000000000000e+00
  +0.00000000000000000000e+00
  +0.00000000000000000000e+00
  +0.00000000000000000000e+00
  +0.00000000000000000000e+00
  +0.00000000000000000000e+00
  +0.00000000000000000000e+00
  +0.00000000000000000000e+00
  +0.00000000000000000000e+00
  +0.00000000000000000000e+00
  +0.00000000000000000000e+00
  +0.00000000000000000000e+00
  +0.00000000000000000000e+00
  +0.00000000000000000000e+00
  +0.00000000000000000000e+00
  +0.00000000000000000000e+00
  +0.00000000000000000000e+00
  +0.00000000000000000000e+00
  +0.00000000000000000000e+00
  +0.00000000000000000000e+00
  +0.00000000000000000000e+00
  +0.00000000000000000000e+00
  +0.00000000000000000000e+00
  +0.00000000000000000000e+00
  +0.00000000000000000000e+00
  +0.00000000000000000000e+00
  +0.00000000000000000000e+00
  +0.00000000000000000000e+00
  +0.00000000000000000000e+00
  +0.00000000000000000000e+00
  +0.00000000000000000000e+00
  +0.00000000000000000000e+00
  +0.00000000000000000000e+00
  +0.00000000000000000000e+00
  +0.00000000000000000000e+00
  +0.00000000000000000000e+00
  +0.00000000000000000000e+00
  +0.00000000000000000000e+00
  +0.00000000000000000000e+00
  +0.00000000000000000000e+00
  +0.00000000000000000000e+00
  +0.00000000000000000000e+00
  +0.00000000000000000000e+00
  +0.00000000000000000000e+00
  +0.00000000000000000000e+00
  +0.00000000000000000000e+00
  +0.00000000000000000000e+00
  +0.00000000000000000000e+00
  +0.00000000000000000000e+00
  +0.00000000000000000000e+00
  +0.00000000000000000000e+00
  +0.00000000000000000000e+00
  +0.00000000000000000000e+00
  +0.00000000000000000000e+00
  +0.00000000000000000000e+00
  +0.00000000000000000000e+00
  +0.00000000000000000000e+00
  +0.00000000000000000000e+00
  +0.00000000000000000000e+00
  +0.00000000000000000000e+00
  +0.00000000000000000000e+00
  +0.00000000000000000000e+00
  +0.00000000000000000000e+00
  +0.00000000000000000000e+00
  +0.00000000000000000000e+00
  +0.00000000000000000000e+00
  +0.00000000000000000000e+00
  +0.00000000000000000000e+00
  +0.00000000000000000000e+00
  +0.00000000000000000000e+00
  +0.00000000000000000000e+00
  +0.00000000000000000000e+00
  +0.00000000000000000000e+00
  +0.00000000000000000000e+00
  +0.00000000000000000000e+00
  +0.00000000000000000000e+00
  +0.00000000000000000000e+00
  +0.00000000000000000000e+00
  +0.00000000000000000000e+00
  +0.00000000000000000000e+00
  +0.00000000000000000000e+00
  +0.00000000000000000000e+00
  +0.00000000000000000000e+00
  +0.00000000000000000000e+00
  +0.00000000000000000000e+00
  +0.00000000000000000000e+00
  +0.00000000000000000000e+00
  +0.00000000000000000000e+00
  +0.00000000000000000000e+00
  +0.00000000000000000000e+00
  +0.00000000000000000000e+00
  +0.00000000000000000000e+00
  +0.00000000000000000000e+00
  +0.00000000000000000000e+00
  +0.00000000000000000000e+00
  +0.00000000000000000000e+00
  +0.00000000000000000000e+00
  +0.00000000000000000000e+00
  +0.00000000000000000000e+00
  +0.00000000000000000000e+00
  +0.00000000000000000000e+00
  +0.00000000000000000000e+00
  +0.00000000000000000000e+00
  +0.00000000000000000000e+00
  +0.00000000000000000000e+00
  +0.00000000000000000000e+00
  +0.00000000000000000000e+00
  +0.00000000000000000000e+00
  +0.00000000000000000000e+00
  +0.00000000000000000000e+00
  +0.00000000000000000000e+00
  +0.00000000000000000000e+00
  +0.00000000000000000000e+00
  +0.00000000000000000000e+00
  +0.00000000000000000000e+00
  +0.00000000000000000000e+00
  +0.00000000000000000000e+00
  +0.00000000000000000000e+00
  +0.00000000000000000000e+00
  +0.00000000000000000000e+00
  +0.00000000000000000000e+00
  +0.00000000000000000000e+00
  +0.00000000000000000000e+00
  +0.00000000000000000000e+00
  +0.00000000000000000000e+00
  +0.00000000000000000000e+00
  +0.00000000000000000000e+00
  +0.00000000000000000000e+00
  +0.00000000000000000000e+00
  +0.00000000000000000000e+00
  +0.00000000000000000000e+00
  +0.00000000000000000000e+00
  +0.00000000000000000000e+00
  +0.00000000000000000000e+00
  +0.00000000000000000000e+00
  +0.00000000000000000000e+00
  +0.00000000000000000000e+00
  +0.00000000000000000000e+00
  +0.00000000000000000000e+00
  +0.00000000000000000000e+00
  +0.00000000000000000000e+00
  +0.00000000000000000000e+00
  +0.00000000000000000000e+00
  +0.00000000000000000000e+00
  +0.00000000000000000000e+00
  +0.00000000000000000000e+00
  +0.00000000000000000000e+00
  +0.00000000000000000000e+00
  +0.00000000000000000000e+00
  +0.00000000000000000000e+00
  +0.00000000000000000000e+00
  +0.00000000000000000000e+00
  +0.00000000000000000000e+00
  +0.00000000000000000000e+00
  +0.00000000000000000000e+00
  +0.00000000000000000000e+00
  +0.00000000000000000000e+00
  +0.00000000000000000000e+00
  +0.00000000000000000000e+00
  +0.00000000000000000000e+00
  +0.00000000000000000000e+00
  +0.00000000000000000000e+00
  +0.00000000000000000000e+00
  +0.00000000000000000000e+00
  +0.00000000000000000000e+00
  +0.00000000000000000000e+00
  +0.00000000000000000000e+00
  +0.00000000000000000000e+00
  +0.00000000000000000000e+00
  +0.00000000000000000000e+00
  +0.00000000000000000000e+00
  +0.00000000000000000000e+00
  +0.00000000000000000000e+00
  +0.00000000000000000000e+00
  +0.00000000000000000000e+00
  +0.00000000000000000000e+00
  +0.00000000000000000000e+00
  +0.00000000000000000000e+00
  +0.00000000000000000000e+00
  +0.00000000000000000000e+00
  +0.00000000000000000000e+00
  +0.00000000000000000000e+00
  +0.00000000000000000000e+00
  +0.00000000000000000000e+00
  +0.00000000000000000000e+00
  +0.00000000000000000000e+00
  +0.00000000000000000000e+00
  +0.00000000000000000000e+00
  +0.00000000000000000000e+00
  +0.00000000000000000000e+00
  +0.00000000000000000000e+00
  +0.00000000000000000000e+00
  +0.00000000000000000000e+00
  +0.00000000000000000000e+00
  +0.00000000000000000000e+00
  +0.00000000000000000000e+00
  +0.00000000000000000000e+00
  +0.00000000000000000000e+00
  +0.00000000000000000000e+00
</dep>
<dep Uin.Vt time>
  +1.00000000000000000000e+00
  +1.03139525976465673551e+00
  +1.06266661678215212916e+00
  +1.09369065729286241151e+00
  +1.12434494358242731415e+00
  +1.15450849718747372563e+00
  +1.18406227634233895962e+00
  +1.21288964578253644078e+00
  +1.24087683705085760622e+00
  +1.26791339748949827282e+00
  +1.29389262614623667957e+00
  +1.31871199487434487274e+00
  +1.34227355296434436305e+00
  +1.36448431371070588725e+00
  +1.38525662138789451561e+00
  +1.40450849718747372563e+00
  +1.42216396275100764868e+00
  +1.43815334002193173646e+00
  +1.45241352623300978841e+00
  +1.46488824294412567362e+00
  +1.47552825814757682110e+00
  +1.48429158056431553803e+00
  +1.49114362536434441608e+00
  +1.49605735065723899346e+00
  +1.49901336421413589051e+00
  +1.50000000000000000000e+00
  +1.49901336421413589051e+00
  +1.49605735065723899346e+00
  +1.49114362536434441608e+00
  +1.48429158056431553803e+00
  +1.47552825814757682110e+00
  +1.46488824294412567362e+00
  +1.45241352623300978841e+00
  +1.43815334002193173646e+00
  +1.42216396275100764868e+00
  +1.40450849718747372563e+00
  +1.38525662138789451561e+00
  +1.36448431371070566520e+00
  +1.34227355296434436305e+00
  +1.31871199487434465070e+00
  +1.29389262614623667957e+00
  +1.26791339748949827282e+00
  +1.24087683705085782826e+00
  +1.21288964578253621873e+00
  +1.18406227634233918167e+00
  +1.15450849718747372563e+00
  +1.12434494358242731415e+00
  +1.09369065729286218946e+00
  +1.06266661678215212916e+00
  +1.03139525976465651347e+00
  +1.00000000000000000000e+00
  +9.68604740235343375510e-01
  +9.37333383217847870839e-01
  +9.06309342707137588491e-01
  +8.75655056417572685845e-01
  +8.45491502812526385391e-01
  +8.15937723657661040377e-01
  +7.87110354217463670246e-01
  +7.59123162949142504807e-01
  +7.32086602510501727181e-01
  +7.06107373853763542471e-01
  +6.81288005125655127259e-01
  +6.57726447035655858997e-01
  +6.35515686289294334799e-01
  +6.14743378612105262349e-01
  +5.95491502812526274369e-01
  +5.77836037248992351323e-01
  +5.61846659978068263541e-01
  +5.47586473766990322609e-01
  +5.35111757055874326383e-01
  +5.24471741852423178898e-01
  +5.15708419435684461973e-01
  +5.08856374635655583916e-01
  +5.03942649342761117559e-01
  +5.00986635785864220516e-01
  +5.00000000000000000000e-01
  +5.00986635785864220516e-01
  +5.03942649342761006537e-01
  +5.08856374635655694938e-01
  +5.15708419435684350951e-01
  +5.24471741852423178898e-01
  +5.35111757055874215361e-01
  +5.47586473766990211587e-01
  +5.61846659978068263541e-01
  +5.77836037248992240301e-01
  +5.95491502812526274369e-01
  +6.14743378612105484393e-01
  +6.35515686289294223776e-01
  +6.57726447035655525930e-01
  +6.81288005125655127259e-01
  +7.06107373853763320426e-01
  +7.32086602510501838204e-01
  +7.59123162949142393785e-01
  +7.87110354217463559223e-01
  +8.15937723657661040377e-01
  +8.45491502812526163346e-01
  +8.75655056417572796867e-01
  +9.06309342707137699513e-01
  +9.37333383217848092883e-01
  +9.68604740235342931420e-01
  +9.99999999999999888978e-01
  +1.03139525976465629142e+00
  +1.06266661678215212916e+00
  +1.09369065729286218946e+00
  +1.12434494358242753620e+00
  +1.15450849718747394768e+00
  +1.18406227634233918167e+00
  +1.21288964578253599669e+00
  +1.24087683705085738417e+00
  +1.26791339748949805077e+00
  +1.29389262614623645753e+00
  +1.31871199487434487274e+00
  +1.34227355296434436305e+00
  +1.36448431371070588725e+00
  +1.38525662138789451561e+00
  +1.40450849718747394768e+00
  +1.42216396275100742663e+00
  +1.43815334002193173646e+00
  +1.45241352623300956637e+00
  +1.46488824294412567362e+00
  +1.47552825814757682110e+00
  +1.48429158056431553803e+00
  +1.49114362536434441608e+00
  +1.49605735065723899346e+00
  +1.49901336421413589051e+00
  +1.50000000000000000000e+00
  +1.49901336421413589051e+00
  +1.49605735065723899346e+00
  +1.49114362536434441608e+00
  +1.48429158056431553803e+00
  +1.47552825814757682110e+00
  +1.46488824294412545157e+00
  +1.45241352623300956637e+00
  +1.43815334002193218055e+00
  +1.42216396275100764868e+00
  +1.40450849718747372563e+00
  +1.38525662138789495970e+00
  +1.36448431371070544316e+00
  +1.34227355296434414100e+00
  +1.31871199487434487274e+00
  +1.29389262614623667957e+00
  +1.26791339748949871691e+00
  +1.24087683705085805030e+00
  +1.21288964578253621873e+00
  +1.18406227634233895962e+00
  +1.15450849718747394768e+00
  +1.12434494358242775824e+00
  +1.09369065729286196742e+00
  +1.06266661678215190712e+00
  +1.03139525976465673551e+00
  +1.00000000000000022204e+00
  +9.68604740235343708576e-01
  +9.37333383217848425950e-01
  +9.06309342707137477468e-01
  +8.75655056417572574823e-01
  +8.45491502812526496413e-01
  +8.15937723657660596288e-01
  +7.87110354217463337179e-01
  +7.59123162949143059919e-01
  +7.32086602510501727181e-01
  +7.06107373853763542471e-01
  +6.81288005125655460326e-01
  +6.57726447035656081042e-01
  +6.35515686289294112754e-01
  +6.14743378612105373371e-01
  +5.95491502812526385391e-01
  +5.77836037248992129278e-01
  +5.61846659978068485586e-01
  +5.47586473766990544654e-01
  +5.35111757055874326383e-01
  +5.24471741852423289920e-01
  +5.15708419435684461973e-01
  +5.08856374635655583916e-01
  +5.03942649342761006537e-01
  +5.00986635785864220516e-01
  +5.00000000000000000000e-01
  +5.00986635785864220516e-01
  +5.03942649342761006537e-01
  +5.08856374635655694938e-01
  +5.15708419435684461973e-01
  +5.24471741852423178898e-01
  +5.35111757055874104338e-01
  +5.47586473766990433631e-01
  +5.61846659978068263541e-01
  +5.77836037248992462345e-01
  +5.95491502812526163346e-01
  +6.14743378612105151326e-01
  +6.35515686289293890709e-01
  +6.57726447035655747975e-01
  +6.81288005125655127259e-01
  +7.06107373853763320426e-01
  +7.32086602510502171270e-01
  +7.59123162949142615830e-01
  +7.87110354217463004112e-01
  +8.15937723657660929355e-01
  +8.45491502812526052324e-01
  +8.75655056417573018912e-01
  +9.06309342707137144401e-01
  +9.37333383217847093682e-01
  +9.68604740235342376309e-01
  +9.99999999999999777955e-01
</dep>
<dep _net2.Vt time>
  +1.00000000000000000000e+00
  +1.00000000000000000000e+00
  +1.00000000000000000000e+00
  +1.00000000000000000000e+00
  +9.99999999999999888978e-01
  +1.00000000000000000000e+00
  +1.00000000000000000000e+00
  +1.00000000000000000000e+00
  +1.00000000000000000000e+00
  +1.00000000000000000000e+00
  +1.00000000000000000000e+00
  +1.00000000000000000000e+00
  +1.00000000000000000000e+00
  +1.00000000000000000000e+00
  +9.99999999999999888978e-01
  +1.00000000000000000000e+00
  +1.00000000000000000000e+00
  +1.00000000000000000000e+00
  +1.00000000000000000000e+00
  +1.00000000000000000000e+00
  +1.00000000000000000000e+00
  +1.00000000000000000000e+00
  +1.00000000000000000000e+00
  +1.00000000000000000000e+00
  +1.00000000000000000000e+00
  +1.00000000000000000000e+00
  +1.00000000000000000000e+00
  +1.00000000000000000000e+00
  +1.00000000000000000000e+00
  +1.00000000000000000000e+00
  +1.00000000000000000000e+00
  +1.00000000000000000000e+00
  +1.00000000000000000000e+00
  +1.00000000000000000000e+00
  +1.00000000000000000000e+00
  +1.00000000000000000000e+00
  +9.99999999999999888978e-01
  +1.00000000000000000000e+00
  +1.00000000000000000000e+00
  +9.99999999999999888978e-01
  +1.00000000000000000000e+00
  +1.00000000000000000000e+00
  +1.00000000000000000000e+00
  +1.00000000000000000000e+00
  +1.00000000000000000000e+00
  +1.00000000000000000000e+00
  +9.99999999999999888978e-01
  +9.99999999999999888978e-01
  +1.00000000000000000000e+00
  +1.00000000000000000000e+00
  +9.99999999999999888978e-01
  +1.00000000000000000000e+00
  +1.00000000000000000000e+00
  +1.00000000000000000000e+00
  +1.00000000000000000000e+00
  +1.00000000000000000000e+00
  +1.00000000000000000000e+00
  +1.00000000000000000000e+00
  +1.00000000000000000000e+00
  +1.00000000000000000000e+00
  +1.00000000000000000000e+00
  +1.00000000000000000000e+00
  +1.00000000000000000000e+00
  +1.00000000000000000000e+00
  +1.00000000000000000000e+00
  +1.00000000000000000000e+00
  +1.00000000000000000000e+00
  +1.00000000000000000000e+00
  +1.00000000000000000000e+00
  +1.00000000000000000000e+00
  +1.00000000000000000000e+00
  +1.00000000000000000000e+00
  +1.00000000000000000000e+00
  +1.00000000000000000000e+00
  +1.00000000000000000000e+00
  +1.00000000000000000000e+00
  +1.00000000000000000000e+00
  +1.00000000000000000000e+00
  +1.00000000000000000000e+00
  +1.00000000000000000000e+00
  +1.00000000000000000000e+00
  +1.00000000000000000000e+00
  +1.00000000000000000000e+00
  +1.00000000000000000000e+00
  +1.00000000000000000000e+00
  +1.00000000000000000000e+00
  +1.00000000000000000000e+00
  +1.00000000000000000000e+00
  +1.00000000000000000000e+00
  +1.00000000000000000000e+00
  +1.00000000000000000000e+00
  +1.00000000000000000000e+00
  +1.00000000000000000000e+00
  +1.00000000000000000000e+00
  +1.00000000000000000000e+00
  +1.00000000000000000000e+00
  +1.00000000000000000000e+00
  +1.00000000000000000000e+00
  +1.00000000000000000000e+00
  +1.00000000000000000000e+00
  +1.00000000000000000000e+00
  +9.99999999999999888978e-01
  +1.00000000000000000000e+00
  +1.00000000000000000000e+00
  +1.00000000000000000000e+00
  +1.00000000000000000000e+00
  +1.00000000000000000000e+00
  +1.00000000000000000000e+00
  +1.00000000000000000000e+00
  +1.00000000000000000000e+00
  +1.00000000000000000000e+00
  +1.00000000000000000000e+00
  +1.00000000000000000000e+00
  +1.00000000000000000000e+00
  +9.99999999999999888978e-01
  +1.00000000000000000000e+00
  +1.00000000000000000000e+00
  +1.00000000000000000000e+00
  +9.99999999999999888978e-01
  +1.00000000000000000000e+00
  +1.00000000000000000000e+00
  +1.00000000000000000000e+00
  +1.00000000000000000000e+00
  +1.00000000000000000000e+00
  +1.00000000000000000000e+00
  +1.00000000000000000000e+00
  +1.00000000000000000000e+00
  +1.00000000000000000000e+00
  +1.00000000000000000000e+00
  +1.00000000000000000000e+00
  +1.00000000000000000000e+00
  +1.00000000000000000000e+00
  +1.00000000000000000000e+00
  +1.00000000000000000000e+00
  +1.00000000000000000000e+00
  +9.99999999999999888978e-01
  +1.00000000000000000000e+00
  +1.00000000000000000000e+00
  +1.00000000000000000000e+00
  +1.00000000000000000000e+00
  +1.00000000000000000000e+00
  +1.00000000000000000000e+00
  +1.00000000000000000000e+00
  +1.00000000000000000000e+00
  +1.00000000000000000000e+00
  +1.00000000000000000000e+00
  +1.00000000000000000000e+00
  +1.00000000000000000000e+00
  +1.00000000000000000000e+00
  +1.00000000000000000000e+00
  +1.00000000000000000000e+00
  +1.00000000000000000000e+00
  +1.00000000000000000000e+00
  +1.00000000000000000000e+00
  +1.00000000000000000000e+00
  +1.00000000000000000000e+00
  +1.00000000000000000000e+00
  +1.00000000000000000000e+00
  +1.00000000000000000000e+00
  +1.00000000000000000000e+00
  +1.00000000000000000000e+00
  +1.00000000000000000000e+00
  +1.00000000000000000000e+00
  +1.00000000000000000000e+00
  +1.00000000000000000000e+00
  +1.00000000000000000000e+00
  +1.00000000000000000000e+00
  +1.00000000000000000000e+00
  +1.00000000000000000000e+00
  +1.00000000000000000000e+00
  +1.00000000000000000000e+00
  +1.00000000000000000000e+00
  +1.00000000000000000000e+00
  +1.00000000000000000000e+00
  +1.00000000000000000000e+00
  +1.00000000000000000000e+00
  +1.00000000000000000000e+00
  +1.00000000000000000000e+00
  +1.00000000000000000000e+00
  +1.00000000000000000000e+00
  +1.00000000000000000000e+00
  +1.00000000000000000000e+00
  +1.00000000000000000000e+00
  +1.00000000000000000000e+00
  +1.00000000000000000000e+00
  +1.00000000000000000000e+00
  +1.00000000000000000000e+00
  +1.00000000000000000000e+00
  +1.00000000000000000000e+00
  +1.00000000000000000000e+00
  +1.00000000000000000000e+00
  +1.00000000000000000000e+00
  +1.00000000000000000000e+00
  +1.00000000000000000000e+00
  +1.00000000000000000000e+00
  +1.00000000000000000000e+00
  +1.00000000000000000000e+00
  +1.00000000000000000000e+00
  +1.00000000000000000000e+00
  +1.00000000000000000000e+00
  +1.00000000000000000000e+00
</dep>
<dep Uut.Vt time>
  +2.99995376619023002007e+00
  +3.08953396342449559953e+00
  +3.18337313013388190086e+00
  +3.27648811583771282230e+00
  +3.36851183033570755754e+00
  +3.45908105219743511327e+00
  +3.54783832539895849223e+00
  +3.63443335620697327570e+00
  +3.71852438939176765942e+00
  +3.79977955416711266068e+00
  +3.87787817266481749101e+00
  +3.95251202493213238398e+00
  +4.02338656507735059620e+00
  +4.09022208359166405955e+00
  +4.15275481118241618361e+00
  +4.21073795972636411022e+00
  +4.26394269621900257050e+00
  +4.31215904586908926888e+00
  +4.35519672077105024499e+00
  +4.39288587088343351894e+00
  +4.42507775434898320555e+00
  +4.45164532451059624663e+00
  +4.47248373130635634709e+00
  +4.48751073506477560215e+00
  +4.49666703106719189975e+00
  +4.49991648359639029309e+00
  +4.49724626854777120855e+00
  +4.48866692404022327167e+00
  +4.47421230882699116904e+00
  +4.45393946867063217354e+00
  +4.42792841120946523148e+00
  +4.39628179020396725463e+00
  +4.35912450040928156625e+00
  +4.31660318467267600795e+00
  +4.26888565520122043040e+00
  +4.21616023128367789496e+00
  +4.15863499608029218990e+00
  +4.09653697541363026602e+00
  +4.03011124180137869644e+00
  +3.95961994726707189329e+00
  +3.88534128874583162272e+00
  +3.80756841016814373546e+00
  +3.72660824555471137387e+00
  +3.64278030768808136486e+00
  +3.55641542714166991601e+00
  +3.46785444664263398096e+00
  +3.37744687592133985277e+00
  +3.28554951235613534877e+00
  +3.19252503285709776648e+00
  +3.09874056254596919047e+00
  +3.00456622588102018057e+00
  +2.91037368594490386542e+00
  +2.81653467766026910368e+00
  +2.72341954072185243874e+00
  +2.63139575803488856565e+00
  +2.54082650542797594539e+00
  +2.45206921836399915904e+00
  +2.36547418130565167971e+00
  +2.28138314530269425973e+00
  +2.20012797925668968091e+00
  +2.12202936018606846957e+00
  +2.04739550766043532093e+00
  +1.97652096739874716391e+00
  +1.90968544883191748696e+00
  +1.84715272121748674827e+00
  +1.78916957266286336115e+00
  +1.73596483616541097383e+00
  +1.68774848651315423353e+00
  +1.64471081161021404071e+00
  +1.60702166149739045231e+00
  +1.57482977803164314601e+00
  +1.54826220786993906664e+00
  +1.52742380107413788792e+00
  +1.51239679731570131338e+00
  +1.50324050131327702218e+00
  +1.49999104878407418795e+00
  +1.50266126383269149613e+00
  +1.51124060834023743460e+00
  +1.52569522355347064746e+00
  +1.54596806370982875478e+00
  +1.57197912117099591889e+00
  +1.60362574217649411779e+00
  +1.64078303197118025025e+00
  +1.68330434770778625264e+00
  +1.73102187717923872157e+00
  +1.78374730109678347745e+00
  +1.84127253630017029273e+00
  +1.90337055696683132844e+00
  +1.96979629057908223189e+00
  +2.04028758511338903503e+00
  +2.11456624363463063787e+00
  +2.19233912221231763695e+00
  +2.27329928682574911036e+00
  +2.35712722469238045164e+00
  +2.44349210523879145640e+00
  +2.53205308573782650328e+00
  +2.62246065645912063147e+00
  +2.71435802002432602364e+00
  +2.80738249952336316184e+00
  +2.90116696983448907332e+00
  +2.99534130649944074776e+00
  +3.08953384643555661881e+00
  +3.18337285472019226873e+00
  +3.27648799165860937777e+00
  +3.36851177434557325086e+00
  +3.45908102695248542702e+00
  +3.54783831401646176928e+00
  +3.63443335107480702817e+00
  +3.71852438707776622451e+00
  +3.79977955312377080332e+00
  +3.87787817219439334693e+00
  +3.95251202472002738375e+00
  +4.02338656498171420850e+00
  +4.09022208354854299728e+00
  +4.15275481116297573436e+00
  +4.21073795971759867740e+00
  +4.26394269621505017653e+00
  +4.31215904586730758297e+00
  +4.35519672077024644352e+00
  +4.39288587088307203032e+00
  +4.42507775434881889254e+00
  +4.45164532451052252782e+00
  +4.47248373130632348449e+00
  +4.48751073506476139130e+00
  +4.49666703106718390615e+00
  +4.49991648359638762855e+00
  +4.49724626854776943219e+00
  +4.48866692404022327167e+00
  +4.47421230882699116904e+00
  +4.45393946867063217354e+00
  +4.42792841120946523148e+00
  +4.39628179020396814281e+00
  +4.35912450040928245443e+00
  +4.31660318467267600795e+00
  +4.26888565520122131858e+00
  +4.21616023128367789496e+00
  +4.15863499608029307808e+00
  +4.09653697541362937784e+00
  +4.03011124180137869644e+00
  +3.95961994726707366965e+00
  +3.88534128874583117863e+00
  +3.80756841016814417955e+00
  +3.72660824555471315023e+00
  +3.64278030768808092077e+00
  +3.55641542714167036010e+00
  +3.46785444664263575731e+00
  +3.37744687592134162912e+00
  +3.28554951235613401650e+00
  +3.19252503285709776648e+00
  +3.09874056254597096682e+00
  +3.00456622588102151283e+00
  +2.91037368594490519769e+00
  +2.81653467766027176822e+00
  +2.72341954072185199465e+00
  +2.63139575803488900974e+00
  +2.54082650542797727766e+00
  +2.45206921836399827086e+00
  +2.36547418130565167971e+00
  +2.28138314530269648017e+00
  +2.20012797925669012500e+00
  +2.12202936018606891366e+00
  +2.04739550766043665320e+00
  +1.97652096739874783005e+00
  +1.90968544883191659878e+00
  +1.84715272121748697032e+00
  +1.78916957266286380523e+00
  +1.73596483616541052974e+00
  +1.68774848651315512171e+00
  +1.64471081161021492889e+00
  +1.60702166149739067436e+00
  +1.57482977803164359010e+00
  +1.54826220786993951073e+00
  +1.52742380107413833201e+00
  +1.51239679731570109134e+00
  +1.50324050131327724422e+00
  +1.49999104878407418795e+00
  +1.50266126383269171818e+00
  +1.51124060834023765665e+00
  +1.52569522355347064746e+00
  +1.54596806370982942092e+00
  +1.57197912117099614093e+00
  +1.60362574217649389574e+00
  +1.64078303197118136048e+00
  +1.68330434770778625264e+00
  +1.73102187717923916566e+00
  +1.78374730109678325540e+00
  +1.84127253630016940456e+00
  +1.90337055696683088435e+00
  +1.96979629057908356415e+00
  +2.04028758511338903503e+00
  +2.11456624363463063787e+00
  +2.19233912221231852513e+00
  +2.27329928682575044263e+00
  +2.35712722469237823120e+00
  +2.44349210523879101231e+00
  +2.53205308573782605919e+00
  +2.62246065645912196374e+00
  +2.71435802002432424729e+00
  +2.80738249952336094140e+00
  +2.90116696983448774105e+00
  +2.99534130649944074776e+00
</dep>
<dep _net0.Vt time>
  +9.99984588730076673357e-01
  +1.02984465447483186651e+00
  +1.06112437671129389294e+00
  +1.09216270527923753342e+00
  +1.12283727677856903782e+00
  +1.15302701739914503776e+00
  +1.18261277513298601605e+00
  +1.21147778540232442523e+00
  +1.23950812979725588647e+00
  +1.26659318472237081288e+00
  +1.29262605755493908966e+00
  +1.31750400831071079466e+00
  +1.34112885502578338404e+00
  +1.36340736119722127917e+00
  +1.38425160372747191317e+00
  +1.40357931990878803674e+00
  +1.42131423207300078282e+00
  +1.43738634862302960826e+00
  +1.45173224025701674833e+00
  +1.46429529029447769162e+00
  +1.47502591811632766117e+00
  +1.48388177483686534153e+00
  +1.49082791043545204168e+00
  +1.49583691168825838602e+00
  +1.49888901035573063325e+00
  +1.49997216119879661633e+00
  +1.49908208951592358815e+00
  +1.49622230801340760920e+00
  +1.49140410294233038968e+00
  +1.48464648955687739118e+00
  +1.47597613706982166981e+00
  +1.46542726340132234419e+00
  +1.45304150013642718875e+00
  +1.43886772822422526197e+00
  +1.42296188506707332877e+00
  +1.40538674376122596499e+00
  +1.38621166536009732262e+00
  +1.36551232513787668132e+00
  +1.34337041393379275078e+00
  +1.31987331575569055708e+00
  +1.29511376291527713356e+00
  +1.26918947005604776379e+00
  +1.24220274851823697659e+00
  +1.21426010256269378829e+00
  +1.18547180904722315731e+00
  +1.15595148221421117896e+00
  +1.12581562530711321024e+00
  +1.09518317078537830156e+00
  +1.06417501095236577413e+00
  +1.03291352084865639682e+00
  +1.00152207529367331951e+00
  +9.70124561981634547791e-01
  +9.38844892553422960546e-01
  +9.07806513573950812912e-01
  +8.77131919344962818208e-01
  +8.46942168475991907783e-01
  +8.17356406121332978998e-01
  +7.88491393768550485888e-01
  +7.60461048434231345894e-01
  +7.33375993085563226970e-01
  +7.07343120062022823191e-01
  +6.82465169220145106976e-01
  +6.58840322466249017630e-01
  +6.36561816277305791978e-01
  +6.15717573739162249424e-01
  +5.96389857554287750041e-01
  +5.78654945388470287604e-01
  +5.62582828837718040838e-01
  +5.48236937203404606223e-01
  +5.35673887165796780430e-01
  +5.24943259343880974654e-01
  +5.16087402623312985206e-01
  +5.09141267024712629308e-01
  +5.04132265771900400786e-01
  +5.01080167104425600044e-01
  +4.99997016261358062650e-01
  +5.00887087944230424696e-01
  +5.03746869446745737520e-01
  +5.08565074517823512146e-01
  +5.15322687903276177579e-01
  +5.23993040390331898948e-01
  +5.34541914058831335588e-01
  +5.46927677323726713077e-01
  +5.61101449235928750880e-01
  +5.77007292393079573856e-01
  +5.94582433698927825816e-01
  +6.13757512100056690230e-01
  +6.34456852322277109479e-01
  +6.56598763526360706955e-01
  +6.80095861704463011677e-01
  +7.04855414544876879290e-01
  +7.30779707404105804969e-01
  +7.57766428941916370121e-01
  +7.85709074897460113540e-01
  +8.14497368412930411452e-01
  +8.44017695245942167759e-01
  +8.74153552153040136474e-01
  +9.04786006674775267200e-01
  +9.35794166507787683607e-01
  +9.67055656611496283759e-01
  +9.98447102166480249252e-01
  +1.02984461547851879892e+00
  +1.06112428490673060821e+00
  +1.09216266388620297789e+00
  +1.12283725811519108362e+00
  +1.15302700898416166098e+00
  +1.18261277133882058976e+00
  +1.21147778369160219469e+00
  +1.23950812902592200082e+00
  +1.26659318437459011975e+00
  +1.29262605739813096761e+00
  +1.31750400824000912792e+00
  +1.34112885499390466215e+00
  +1.36340736118284766576e+00
  +1.38425160372099176342e+00
  +1.40357931990586615179e+00
  +1.42131423207168339218e+00
  +1.43738634862243586099e+00
  +1.45173224025674874049e+00
  +1.46429529029435734344e+00
  +1.47502591811627281615e+00
  +1.48388177483684069458e+00
  +1.49082791043544116150e+00
  +1.49583691168825372309e+00
  +1.49888901035572796872e+00
  +1.49997216119879572815e+00
  +1.49908208951592314406e+00
  +1.49622230801340760920e+00
  +1.49140410294233038968e+00
  +1.48464648955687739118e+00
  +1.47597613706982166981e+00
  +1.46542726340132256624e+00
  +1.45304150013642741079e+00
  +1.43886772822422526197e+00
  +1.42296188506707377286e+00
  +1.40538674376122596499e+00
  +1.38621166536009754466e+00
  +1.36551232513787645928e+00
  +1.34337041393379275078e+00
  +1.31987331575569122322e+00
  +1.29511376291527691151e+00
  +1.26918947005604798584e+00
  +1.24220274851823764273e+00
  +1.21426010256269356624e+00
  +1.18547180904722337935e+00
  +1.15595148221421184509e+00
  +1.12581562530711387637e+00
  +1.09518317078537785747e+00
  +1.06417501095236577413e+00
  +1.03291352084865684091e+00
  +1.00152207529367376360e+00
  +9.70124561981634991881e-01
  +9.38844892553423848724e-01
  +9.07806513573950590867e-01
  +8.77131919344962929230e-01
  +8.46942168475992351873e-01
  +8.17356406121332756953e-01
  +7.88491393768550485888e-01
  +7.60461048434232123050e-01
  +7.33375993085563337992e-01
  +7.07343120062022934214e-01
  +6.82465169220145551066e-01
  +6.58840322466249239675e-01
  +6.36561816277305458911e-01
  +6.15717573739162249424e-01
  +5.96389857554287861063e-01
  +5.78654945388470176582e-01
  +5.62582828837718373904e-01
  +5.48236937203404939289e-01
  +5.35673887165796891452e-01
  +5.24943259343881196699e-01
  +5.16087402623313096228e-01
  +5.09141267024712740330e-01
  +5.04132265771900289764e-01
  +5.01080167104425711067e-01
  +4.99997016261358062650e-01
  +5.00887087944230535719e-01
  +5.03746869446745848542e-01
  +5.08565074517823512146e-01
  +5.15322687903276399624e-01
  +5.23993040390332009970e-01
  +5.34541914058831224565e-01
  +5.46927677323727046144e-01
  +5.61101449235928750880e-01
  +5.77007292393079684878e-01
  +5.94582433698927714794e-01
  +6.13757512100056468185e-01
  +6.34456852322276887435e-01
  +6.56598763526361151044e-01
  +6.80095861704463011677e-01
  +7.04855414544876879290e-01
  +7.30779707404106138036e-01
  +7.57766428941916814210e-01
  +7.85709074897459336384e-01
  +8.14497368412930300430e-01
  +8.44017695245941945714e-01
  +8.74153552153040580563e-01
  +9.04786006674774712089e-01
  +9.35794166507786906450e-01
  +9.67055656611495839670e-01
  +9.98447102166480249252e-01
</dep>
<dep _net1.Vt time>
  +0.00000000000000000000e+00
  +0.00000000000000000000e+00
  +0.00000000000000000000e+00
  +0.00000000000000000000e+00
  +0.00000000000000000000e+00
  +0.00000000000000000000e+00
  +0.00000000000000000000e+00
  +0.00000000000000000000e+00
  +0.00000000000000000000e+00
  +0.00000000000000000000e+00
  +0.00000000000000000000e+00
  +0.00000000000000000000e+00
  +0.00000000000000000000e+00
  +0.00000000000000000000e+00
  +0.00000000000000000000e+00
  +0.00000000000000000000e+00
  +0.00000000000000000000e+00
  +0.00000000000000000000e+00
  +0.00000000000000000000e+00
  +0.00000000000000000000e+00
  +0.00000000000000000000e+00
  +0.00000000000000000000e+00
  +0.00000000000000000000e+00
  +0.00000000000000000000e+00
  +0.00000000000000000000e+00
  +0.00000000000000000000e+00
  +0.00000000000000000000e+00
  +0.00000000000000000000e+00
  +0.00000000000000000000e+00
  +0.00000000000000000000e+00
  +0.00000000000000000000e+00
  +0.00000000000000000000e+00
  +0.00000000000000000000e+00
  +0.00000000000000000000e+00
  +0.00000000000000000000e+00
  +0.00000000000000000000e+00
  +0.00000000000000000000e+00
  +0.00000000000000000000e+00
  +0.00000000000000000000e+00
  +0.00000000000000000000e+00
  +0.00000000000000000000e+00
  +0.00000000000000000000e+00
  +0.00000000000000000000e+00
  +0.00000000000000000000e+00
  +0.00000000000000000000e+00
  +0.00000000000000000000e+00
  +0.00000000000000000000e+00
  +0.00000000000000000000e+00
  +0.00000000000000000000e+00
  +0.00000000000000000000e+00
  +0.00000000000000000000e+00
  +0.00000000000000000000e+00
  +0.00000000000000000000e+00
  +0.00000000000000000000e+00
  +0.00000000000000000000e+00
  +0.00000000000000000000e+00
  +0.00000000000000000000e+00
  +0.00000000000000000000e+00
  +0.00000000000000000000e+00
  +0.00000000000000000000e+00
  +0.00000000000000000000e+00
  +0.00000000000000000000e+00
  +0.00000000000000000000e+00
  +0.00000000000000000000e+00
  +0.00000000000000000000e+00
  +0.00000000000000000000e+00
  +0.00000000000000000000e+00
  +0.00000000000000000000e+00
  +0.00000000000000000000e+00
  +0.00000000000000000000e+00
  +0.00000000000000000000e+00
  +0.00000000000000000000e+00
  +0.00000000000000000000e+00
  +0.00000000000000000000e+00
  +0.00000000000000000000e+00
  +0.00000000000000000000e+00
  +0.00000000000000000000e+00
  +0.00000000000000000000e+00
  +0.00000000000000000000e+00
  +0.00000000000000000000e+00
  +0.00000000000000000000e+00
  +0.00000000000000000000e+00
  +0.00000000000000000000e+00
  +0.00000000000000000000e+00
  +0.00000000000000000000e+00
  +0.00000000000000000000e+00
  +0.00000000000000000000e+00
  +0.00000000000000000000e+00
  +0.00000000000000000000e+00
  +0.00000000000000000000e+00
  +0.00000000000000000000e+00
  +0.00000000000000000000e+00
  +0.00000000000000000000e+00
  +0.00000000000000000000e+00
  +0.00000000000000000000e+00
  +0.00000000000000000000e+00
  +0.00000000000000000000e+00
  +0.00000000000000000000e+00
  +0.00000000000000000000e+00
  +0.00000000000000000000e+00
  +0.00000000000000000000e+00
  +0.00000000000000000000e+00
  +0.00000000000000000000e+00
  +0.00000000000000000000e+00
  +0.00000000000000000000e+00
  +0.00000000000000000000e+00
  +0.00000000000000000000e+00
  +0.00000000000000000000e+00
  +0.00000000000000000000e+00
  +0.00000000000000000000e+00
  +0.00000000000000000000e+00
  +0.00000000000000000000e+00
  +0.00000000000000000000e+00
  +0.00000000000000000000e+00
  +0.00000000000000000000e+00
  +0.00000000000000000000e+00
  +0.00000000000000000000e+00
  +0.00000000000000000000e+00
  +0.00000000000000000000e+00
  +0.00000000000000000000e+00
  +0.00000000000000000000e+00
  +0.00000000000000000000e+00
  +0.00000000000000000000e+00
  +0.00000000000000000000e+00
  +0.00000000000000000000e+00
  +0.00000000000000000000e+00
  +0.00000000000000000000e+00
  +0.00000000000000000000e+00
  +0.00000000000000000000e+00
  +0.00000000000000000000e+00
  +0.00000000000000000000e+00
  +0.00000000000000000000e+00
  +0.00000000000000000000e+00
  +0.00000000000000000000e+00
  +0.00000000000000000000e+00
  +0.00000000000000000000e+00
  +0.00000000000000000000e+00
  +0.00000000000000000000e+00
  +0.00000000000000000000e+00
  +0.00000000000000000000e+00
  +0.00000000000000000000e+00
  +0.00000000000000000000e+00
  +0.00000000000000000000e+00
  +0.00000000000000000000e+00
  +0.00000000000000000000e+00
  +0.00000000000000000000e+00
  +0.00000000000000000000e+00
  +0.00000000000000000000e+00
  +0.00000000000000000000e+00
  +0.00000000000000000000e+00
  +0.00000000000000000000e+00
  +0.00000000000000000000e+00
  +0.00000000000000000000e+00
  +0.00000000000000000000e+00
  +0.00000000000000000000e+00
  +0.00000000000000000000e+00
  +0.00000000000000000000e+00
  +0.00000000000000000000e+00
  +0.00000000000000000000e+00
  +0.00000000000000000000e+00
  +0.00000000000000000000e+00
  +0.00000000000000000000e+00
  +0.00000000000000000000e+00
  +0.00000000000000000000e+00
  +0.00000000000000000000e+00
  +0.00000000000000000000e+00
  +0.00000000000000000000e+00
  +0.00000000000000000000e+00
  +0.00000000000000000000e+00
  +0.00000000000000000000e+00
  +0.00000000000000000000e+00
  +0.00000000000000000000e+00
  +0.00000000000000000000e+00
  +0.00000000000000000000e+00
  +0.00000000000000000000e+00
  +0.00000000000000000000e+00
  +0.00000000000000000000e+00
  +0.00000000000000000000e+00
  +0.00000000000000000000e+00
  +0.00000000000000000000e+00
  +0.00000000000000000000e+00
  +0.00000000000000000000e+00
  +0.00000000000000000000e+00
  +0.00000000000000000000e+00
  +0.00000000000000000000e+00
  +0.00000000000000000000e+00
  +0.00000000000000000000e+00
  +0.00000000000000000000e+00
  +0.00000000000000000000e+00
  +0.00000000000000000000e+00
  +0.00000000000000000000e+00
  +0.00000000000000000000e+00
  +0.00000000000000000000e+00
  +0.00000000000000000000e+00
  +0.00000000000000000000e+00
  +0.00000000000000000000e+00
  +0.00000000000000000000e+00
  +0.00000000000000000000e+00
  +0.00000000000000000000e+00
  +0.00000000000000000000e+00
  +0.00000000000000000000e+00
</dep>
<indep Pr1.I 1>
  +9.99984588730076827748e-04
</indep>
<indep V1.I 1>
  +0.00000000000000000000e+00
</indep>
<indep V2.I 1>
  +0.00000000000000000000e+00
</indep>
<indep Uin.V 1>
  +1.00000000000000000000e+00
</indep>
<indep _net2.V 1>
  +1.00000000000000000000e+00
</indep>
<indep Uut.V 1>
  +2.99995376619023046416e+00
</indep>
<indep _net0.V 1>
  +9.99984588730076784380e-01
</indep>
<indep _net1.V 1>
  +0.00000000000000000000e+00
</indep>
