<Qucs Dataset 0.0.19>
<indep time 201>
  +0.00000000000000000000e+00
  +1.00000000000000008180e-05
  +2.00000000000000016361e-05
  +3.00000000000000041482e-05
  +4.00000000000000032721e-05
  +5.00000000000000023961e-05
  +6.00000000000000082963e-05
  +7.00000000000000074203e-05
  +8.00000000000000065442e-05
  +9.00000000000000056682e-05
  +1.00000000000000004792e-04
  +1.10000000000000003916e-04
  +1.20000000000000016593e-04
  +1.30000000000000015717e-04
  +1.40000000000000014841e-04
  +1.50000000000000013965e-04
  +1.60000000000000013088e-04
  +1.70000000000000012212e-04
  +1.80000000000000011336e-04
  +1.90000000000000010460e-04
  +2.00000000000000009584e-04
  +2.10000000000000008708e-04
  +2.20000000000000007832e-04
  +2.30000000000000006956e-04
  +2.40000000000000033185e-04
  +2.50000000000000005204e-04
  +2.60000000000000031433e-04
  +2.70000000000000003452e-04
  +2.80000000000000029681e-04
  +2.90000000000000001700e-04
  +3.00000000000000027929e-04
  +3.09999999999999999948e-04
  +3.20000000000000026177e-04
  +3.30000000000000052406e-04
  +3.40000000000000024425e-04
  +3.50000000000000050654e-04
  +3.60000000000000022673e-04
  +3.70000000000000048902e-04
  +3.80000000000000020921e-04
  +3.90000000000000047150e-04
  +4.00000000000000019169e-04
  +4.10000000000000045398e-04
  +4.20000000000000017417e-04
  +4.30000000000000043646e-04
  +4.40000000000000015665e-04
  +4.50000000000000041894e-04
  +4.60000000000000013912e-04
  +4.70000000000000040142e-04
  +4.80000000000000066371e-04
  +4.90000000000000092600e-04
  +5.00000000000000010408e-04
  +5.10000000000000036637e-04
  +5.20000000000000062866e-04
  +5.30000000000000089095e-04
  +5.40000000000000006904e-04
  +5.50000000000000033133e-04
  +5.60000000000000059362e-04
  +5.70000000000000085591e-04
  +5.80000000000000003400e-04
  +5.90000000000000029629e-04
  +6.00000000000000055858e-04
  +6.10000000000000082087e-04
  +6.19999999999999999896e-04
  +6.30000000000000026125e-04
  +6.40000000000000052354e-04
  +6.50000000000000078583e-04
  +6.60000000000000104812e-04
  +6.70000000000000022621e-04
  +6.80000000000000048850e-04
  +6.90000000000000075079e-04
  +7.00000000000000101308e-04
  +7.10000000000000019117e-04
  +7.20000000000000045346e-04
  +7.30000000000000071575e-04
  +7.40000000000000097804e-04
  +7.50000000000000015613e-04
  +7.60000000000000041842e-04
  +7.70000000000000068071e-04
  +7.80000000000000094300e-04
  +7.90000000000000012108e-04
  +8.00000000000000038337e-04
  +8.10000000000000064566e-04
  +8.20000000000000090795e-04
  +8.30000000000000117024e-04
  +8.40000000000000034833e-04
  +8.50000000000000061062e-04
  +8.60000000000000087291e-04
  +8.70000000000000113520e-04
  +8.80000000000000031329e-04
  +8.90000000000000057558e-04
  +9.00000000000000083787e-04
  +9.10000000000000110016e-04
  +9.20000000000000027825e-04
  +9.30000000000000054054e-04
  +9.40000000000000080283e-04
  +9.50000000000000106512e-04
  +9.60000000000000132741e-04
  +9.70000000000000050550e-04
  +9.80000000000000185199e-04
  +9.89999999999999994588e-04
  +1.00000000000000002082e-03
  +1.01000000000000004705e-03
  +1.02000000000000007327e-03
  +1.03000000000000009950e-03
  +1.04000000000000012573e-03
  +1.05000000000000015196e-03
  +1.06000000000000017819e-03
  +1.06999999999999998758e-03
  +1.08000000000000001381e-03
  +1.09000000000000004004e-03
  +1.10000000000000006627e-03
  +1.11000000000000009250e-03
  +1.12000000000000011872e-03
  +1.13000000000000014495e-03
  +1.14000000000000017118e-03
  +1.15000000000000019741e-03
  +1.16000000000000000680e-03
  +1.17000000000000003303e-03
  +1.18000000000000005926e-03
  +1.19000000000000008549e-03
  +1.20000000000000011172e-03
  +1.21000000000000013795e-03
  +1.22000000000000016417e-03
  +1.23000000000000019040e-03
  +1.23999999999999999979e-03
  +1.25000000000000002602e-03
  +1.26000000000000005225e-03
  +1.27000000000000007848e-03
  +1.28000000000000010471e-03
  +1.29000000000000013094e-03
  +1.30000000000000015717e-03
  +1.31000000000000018339e-03
  +1.32000000000000020962e-03
  +1.33000000000000001901e-03
  +1.34000000000000004524e-03
  +1.35000000000000007147e-03
  +1.36000000000000009770e-03
  +1.37000000000000012393e-03
  +1.38000000000000015016e-03
  +1.39000000000000017639e-03
  +1.40000000000000020262e-03
  +1.41000000000000001200e-03
  +1.42000000000000003823e-03
  +1.43000000000000006446e-03
  +1.44000000000000009069e-03
  +1.45000000000000011692e-03
  +1.46000000000000014315e-03
  +1.47000000000000016938e-03
  +1.48000000000000019561e-03
  +1.49000000000000022184e-03
  +1.50000000000000003123e-03
  +1.51000000000000005745e-03
  +1.52000000000000008368e-03
  +1.53000000000000010991e-03
  +1.54000000000000013614e-03
  +1.55000000000000016237e-03
  +1.56000000000000018860e-03
  +1.57000000000000021483e-03
  +1.58000000000000002422e-03
  +1.59000000000000005045e-03
  +1.60000000000000007667e-03
  +1.61000000000000010290e-03
  +1.62000000000000012913e-03
  +1.63000000000000015536e-03
  +1.64000000000000018159e-03
  +1.65000000000000020782e-03
  +1.66000000000000023405e-03
  +1.67000000000000004344e-03
  +1.68000000000000006967e-03
  +1.69000000000000009590e-03
  +1.70000000000000012212e-03
  +1.71000000000000014835e-03
  +1.72000000000000017458e-03
  +1.73000000000000020081e-03
  +1.74000000000000022704e-03
  +1.75000000000000003643e-03
  +1.76000000000000006266e-03
  +1.77000000000000008889e-03
  +1.78000000000000011512e-03
  +1.79000000000000014135e-03
  +1.80000000000000016757e-03
  +1.81000000000000019380e-03
  +1.82000000000000022003e-03
  +1.83000000000000024626e-03
  +1.84000000000000005565e-03
  +1.85000000000000008188e-03
  +1.86000000000000010811e-03
  +1.87000000000000013434e-03
  +1.88000000000000016057e-03
  +1.89000000000000018680e-03
  +1.90000000000000021302e-03
  +1.91000000000000023925e-03
  +1.92000000000000026548e-03
  +1.93000000000000007487e-03
  +1.94000000000000010110e-03
  +1.95000000000000012733e-03
  +1.96000000000000037040e-03
  +1.96999999999999996295e-03
  +1.97999999999999998918e-03
  +1.99000000000000001540e-03
  +2.00000000000000004163e-03
</indep>
<dep V1.It time>
  -9.99989600525173598367e-04
  -1.03034891576040169535e-03
  -1.06162591836546946027e-03
  -1.09265960207849226193e-03
  -1.12332757749857383746e-03
  -1.15350880232341660922e-03
  -1.18308416062399895594e-03
  -1.21193692997935680705e-03
  -1.23995324079199942258e-03
  -1.26702252507767711143e-03
  -1.29303795255560744458e-03
  -1.31789685213660849594e-03
  -1.34150111706391860639e-03
  -1.36375759207092738835e-03
  -1.38457844101126919395e-03
  -1.40388149350292477588e-03
  -1.42159056921490581545e-03
  -1.43763577851519484298e-03
  -1.45195379829273244973e-03
  -1.46448812186459709044e-03
  -1.47518928198197597779e-03
  -1.48401504605475136229e-03
  -1.49093058282422411508e-03
  -1.49590859982616747152e-03
  -1.49892945110171129687e-03
  -1.49998121473096635535e-03
  -1.49905973988339160166e-03
  -1.49616866319922901807e-03
  -1.49131939443734331217e-03
  -1.48453107144611733993e-03
  -1.47583048463510810994e-03
  -1.46525197124553786809e-03
  -1.45283727983689346652e-03
  -1.43863540552443039920e-03
  -1.42270239661784194882e-03
  -1.40510113342418182202e-03
  -1.38590108008802403300e-03
  -1.36517801044821638842e-03
  -1.34301370899315704148e-03
  -1.31949564809478244072e-03
  -1.29471664279507975986e-03
  -1.26877448450751491131e-03
  -1.24177155507900534998e-03
  -1.21381442273553875714e-03
  -1.18501342150607803967e-03
  -1.15548221578454799255e-03
  -1.12533735174840852054e-03
  -1.09469779740413095115e-03
  -1.06368447307483176591e-03
  -1.03241977418299800580e-03
  -1.00102708821167454660e-03
  -9.69630307750435024329e-04
  -9.38353341547935719015e-04
  -9.07319625500691570932e-04
  -8.76651635507984662403e-04
  -8.46470404115444224544e-04
  -8.16895042854883478289e-04
  -7.88042272165500831162e-04
  -7.60025960751630272338e-04
  -7.32956676194986499716e-04
  -7.06941248594935428562e-04
  -6.82082348958895829695e-04
  -6.58478084006780799847e-04
  -6.36221608988592700860e-04
  -6.15400760043212174087e-04
  -5.96097707549285947548e-04
  -5.78388631836281529551e-04
  -5.62343422535531282415e-04
  -5.48025402757785942524e-04
  -5.35491079185827518333e-04
  -5.24789919068406455517e-04
  -5.15964154995611880630e-04
  -5.09048618226130454231e-04
  -5.04070601224183411498e-04
  -5.01049749948637526166e-04
  -4.99997986319382034005e-04
  -5.00919461166956354013e-04
  -5.03810537851118829186e-04
  -5.08659806613004643501e-04
  -5.15448129604230182062e-04
  -5.24148716415239737318e-04
  -5.34727229804809437060e-04
  -5.47141921213454380732e-04
  -5.61343795525917339632e-04
  -5.77276804432505790017e-04
  -5.94878067626165916819e-04
  -6.14078120962323597415e-04
  -6.34801190602131241991e-04
  -6.56965492057190588934e-04
  -6.80483552955564972853e-04
  -7.05262558255267762129e-04
  -7.31204716542832719103e-04
  -7.58207645971342605699e-04
  -7.86164778314808439588e-04
  -8.14965779544269807583e-04
  -8.44496985265799312605e-04
  -8.74641849301939326711e-04
  -9.05281403646216570845e-04
  -9.36294727975516081347e-04
  -9.67559426867349082514e-04
  -9.98952112838673083814e-04
  -1.03034889329991228082e-03
  -1.06162585950241201982e-03
  -1.09265957554965605948e-03
  -1.12332756554236285959e-03
  -1.15350879693490362271e-03
  -1.18308415819546436897e-03
  -1.21193692888484647399e-03
  -1.23995324029871735808e-03
  -1.26702252485536080544e-03
  -1.29303795245541220185e-03
  -1.31789685209145169230e-03
  -1.34150111704356704741e-03
  -1.36375759206175525481e-03
  -1.38457844100713534791e-03
  -1.40388149350106189971e-03
  -1.42159056921406599244e-03
  -1.43763577851481623958e-03
  -1.45195379829256157947e-03
  -1.46448812186452011208e-03
  -1.47518928198194106648e-03
  -1.48401504605473574978e-03
  -1.49093058282421717618e-03
  -1.49590859982616421892e-03
  -1.49892945110170999583e-03
  -1.49998121473096570483e-03
  -1.49905973988339116798e-03
  -1.49616866319922901807e-03
  -1.49131939443734309533e-03
  -1.48453107144611733993e-03
  -1.47583048463510789310e-03
  -1.46525197124553786809e-03
  -1.45283727983689324968e-03
  -1.43863540552443083288e-03
  -1.42270239661784173198e-03
  -1.40510113342418182202e-03
  -1.38590108008802424984e-03
  -1.36517801044821617158e-03
  -1.34301370899315682464e-03
  -1.31949564809478265756e-03
  -1.29471664279507954302e-03
  -1.26877448450751534499e-03
  -1.24177155507900534998e-03
  -1.21381442273553875714e-03
  -1.18501342150607803967e-03
  -1.15548221578454820939e-03
  -1.12533735174840873738e-03
  -1.09469779740413073431e-03
  -1.06368447307483154907e-03
  -1.03241977418299800580e-03
  -1.00102708821167454660e-03
  -9.69630307750435241169e-04
  -9.38353341547936152696e-04
  -9.07319625500691354092e-04
  -8.76651635507984662403e-04
  -8.46470404115444224544e-04
  -8.16895042854883044608e-04
  -7.88042272165500614321e-04
  -7.60025960751630706019e-04
  -7.32956676194986499716e-04
  -7.06941248594935536982e-04
  -6.82082348958896154956e-04
  -6.58478084006780908267e-04
  -6.36221608988592267180e-04
  -6.15400760043212174087e-04
  -5.96097707549285947548e-04
  -5.78388631836281312711e-04
  -5.62343422535531499255e-04
  -5.48025402757786159365e-04
  -5.35491079185827518333e-04
  -5.24789919068406563937e-04
  -5.15964154995611880630e-04
  -5.09048618226130345811e-04
  -5.04070601224183303078e-04
  -5.01049749948637526166e-04
  -4.99997986319382034005e-04
  -5.00919461166956354013e-04
  -5.03810537851118829186e-04
  -5.08659806613004643501e-04
  -5.15448129604230290482e-04
  -5.24148716415239628898e-04
  -5.34727229804809437060e-04
  -5.47141921213454597572e-04
  -5.61343795525917339632e-04
  -5.77276804432506006858e-04
  -5.94878067626165808399e-04
  -6.14078120962323272154e-04
  -6.34801190602130916731e-04
  -6.56965492057190805775e-04
  -6.80483552955564972853e-04
  -7.05262558255267870549e-04
  -7.31204716542833044364e-04
  -7.58207645971342822540e-04
  -7.86164778314808005907e-04
  -8.14965779544269699163e-04
  -8.44496985265799204184e-04
  -8.74641849301939435131e-04
  -9.05281403646216028744e-04
  -9.36294727975515105566e-04
  -9.67559426867348431993e-04
  -9.98952112838672866973e-04
</dep>
<dep V2.It time>
  -9.99989600525173598367e-04
  -1.03034891576040169535e-03
  -1.06162591836546946027e-03
  -1.09265960207849226193e-03
  -1.12332757749857383746e-03
  -1.15350880232341660922e-03
  -1.18308416062399895594e-03
  -1.21193692997935680705e-03
  -1.23995324079199942258e-03
  -1.26702252507767711143e-03
  -1.29303795255560744458e-03
  -1.31789685213660849594e-03
  -1.34150111706391860639e-03
  -1.36375759207092738835e-03
  -1.38457844101126919395e-03
  -1.40388149350292477588e-03
  -1.42159056921490581545e-03
  -1.43763577851519484298e-03
  -1.45195379829273244973e-03
  -1.46448812186459709044e-03
  -1.47518928198197597779e-03
  -1.48401504605475136229e-03
  -1.49093058282422411508e-03
  -1.49590859982616747152e-03
  -1.49892945110171129687e-03
  -1.49998121473096635535e-03
  -1.49905973988339160166e-03
  -1.49616866319922901807e-03
  -1.49131939443734331217e-03
  -1.48453107144611733993e-03
  -1.47583048463510810994e-03
  -1.46525197124553786809e-03
  -1.45283727983689346652e-03
  -1.43863540552443039920e-03
  -1.42270239661784194882e-03
  -1.40510113342418182202e-03
  -1.38590108008802403300e-03
  -1.36517801044821638842e-03
  -1.34301370899315704148e-03
  -1.31949564809478244072e-03
  -1.29471664279507975986e-03
  -1.26877448450751491131e-03
  -1.24177155507900534998e-03
  -1.21381442273553875714e-03
  -1.18501342150607803967e-03
  -1.15548221578454799255e-03
  -1.12533735174840852054e-03
  -1.09469779740413095115e-03
  -1.06368447307483176591e-03
  -1.03241977418299800580e-03
  -1.00102708821167454660e-03
  -9.69630307750435024329e-04
  -9.38353341547935719015e-04
  -9.07319625500691570932e-04
  -8.76651635507984662403e-04
  -8.46470404115444224544e-04
  -8.16895042854883478289e-04
  -7.88042272165500831162e-04
  -7.60025960751630272338e-04
  -7.32956676194986499716e-04
  -7.06941248594935428562e-04
  -6.82082348958895829695e-04
  -6.58478084006780799847e-04
  -6.36221608988592700860e-04
  -6.15400760043212174087e-04
  -5.96097707549285947548e-04
  -5.78388631836281529551e-04
  -5.62343422535531282415e-04
  -5.48025402757785942524e-04
  -5.35491079185827518333e-04
  -5.24789919068406455517e-04
  -5.15964154995611880630e-04
  -5.09048618226130454231e-04
  -5.04070601224183411498e-04
  -5.01049749948637526166e-04
  -4.99997986319382034005e-04
  -5.00919461166956354013e-04
  -5.03810537851118829186e-04
  -5.08659806613004643501e-04
  -5.15448129604230182062e-04
  -5.24148716415239737318e-04
  -5.34727229804809437060e-04
  -5.47141921213454380732e-04
  -5.61343795525917339632e-04
  -5.77276804432505790017e-04
  -5.94878067626165916819e-04
  -6.14078120962323597415e-04
  -6.34801190602131241991e-04
  -6.56965492057190588934e-04
  -6.80483552955564972853e-04
  -7.05262558255267762129e-04
  -7.31204716542832719103e-04
  -7.58207645971342605699e-04
  -7.86164778314808439588e-04
  -8.14965779544269807583e-04
  -8.44496985265799312605e-04
  -8.74641849301939326711e-04
  -9.05281403646216570845e-04
  -9.36294727975516081347e-04
  -9.67559426867349082514e-04
  -9.98952112838673083814e-04
  -1.03034889329991228082e-03
  -1.06162585950241201982e-03
  -1.09265957554965605948e-03
  -1.12332756554236285959e-03
  -1.15350879693490362271e-03
  -1.18308415819546436897e-03
  -1.21193692888484647399e-03
  -1.23995324029871735808e-03
  -1.26702252485536080544e-03
  -1.29303795245541220185e-03
  -1.31789685209145169230e-03
  -1.34150111704356704741e-03
  -1.36375759206175525481e-03
  -1.38457844100713534791e-03
  -1.40388149350106189971e-03
  -1.42159056921406599244e-03
  -1.43763577851481623958e-03
  -1.45195379829256157947e-03
  -1.46448812186452011208e-03
  -1.47518928198194106648e-03
  -1.48401504605473574978e-03
  -1.49093058282421717618e-03
  -1.49590859982616421892e-03
  -1.49892945110170999583e-03
  -1.49998121473096570483e-03
  -1.49905973988339116798e-03
  -1.49616866319922901807e-03
  -1.49131939443734309533e-03
  -1.48453107144611733993e-03
  -1.47583048463510789310e-03
  -1.46525197124553786809e-03
  -1.45283727983689324968e-03
  -1.43863540552443083288e-03
  -1.42270239661784173198e-03
  -1.40510113342418182202e-03
  -1.38590108008802424984e-03
  -1.36517801044821617158e-03
  -1.34301370899315682464e-03
  -1.31949564809478265756e-03
  -1.29471664279507954302e-03
  -1.26877448450751534499e-03
  -1.24177155507900534998e-03
  -1.21381442273553875714e-03
  -1.18501342150607803967e-03
  -1.15548221578454820939e-03
  -1.12533735174840873738e-03
  -1.09469779740413073431e-03
  -1.06368447307483154907e-03
  -1.03241977418299800580e-03
  -1.00102708821167454660e-03
  -9.69630307750435241169e-04
  -9.38353341547936152696e-04
  -9.07319625500691354092e-04
  -8.76651635507984662403e-04
  -8.46470404115444224544e-04
  -8.16895042854883044608e-04
  -7.88042272165500614321e-04
  -7.60025960751630706019e-04
  -7.32956676194986499716e-04
  -7.06941248594935536982e-04
  -6.82082348958896154956e-04
  -6.58478084006780908267e-04
  -6.36221608988592267180e-04
  -6.15400760043212174087e-04
  -5.96097707549285947548e-04
  -5.78388631836281312711e-04
  -5.62343422535531499255e-04
  -5.48025402757786159365e-04
  -5.35491079185827518333e-04
  -5.24789919068406563937e-04
  -5.15964154995611880630e-04
  -5.09048618226130345811e-04
  -5.04070601224183303078e-04
  -5.01049749948637526166e-04
  -4.99997986319382034005e-04
  -5.00919461166956354013e-04
  -5.03810537851118829186e-04
  -5.08659806613004643501e-04
  -5.15448129604230290482e-04
  -5.24148716415239628898e-04
  -5.34727229804809437060e-04
  -5.47141921213454597572e-04
  -5.61343795525917339632e-04
  -5.77276804432506006858e-04
  -5.94878067626165808399e-04
  -6.14078120962323272154e-04
  -6.34801190602130916731e-04
  -6.56965492057190805775e-04
  -6.80483552955564972853e-04
  -7.05262558255267870549e-04
  -7.31204716542833044364e-04
  -7.58207645971342822540e-04
  -7.86164778314808005907e-04
  -8.14965779544269699163e-04
  -8.44496985265799204184e-04
  -8.74641849301939435131e-04
  -9.05281403646216028744e-04
  -9.36294727975515105566e-04
  -9.67559426867348431993e-04
  -9.98952112838672866973e-04
</dep>
<dep Pr1.It time>
  +9.99989600525173598367e-04
  +1.03034891576040169535e-03
  +1.06162591836546946027e-03
  +1.09265960207849226193e-03
  +1.12332757749857383746e-03
  +1.15350880232341660922e-03
  +1.18308416062399895594e-03
  +1.21193692997935680705e-03
  +1.23995324079199942258e-03
  +1.26702252507767711143e-03
  +1.29303795255560744458e-03
  +1.31789685213660849594e-03
  +1.34150111706391860639e-03
  +1.36375759207092738835e-03
  +1.38457844101126919395e-03
  +1.40388149350292477588e-03
  +1.42159056921490581545e-03
  +1.43763577851519484298e-03
  +1.45195379829273244973e-03
  +1.46448812186459709044e-03
  +1.47518928198197597779e-03
  +1.48401504605475136229e-03
  +1.49093058282422411508e-03
  +1.49590859982616747152e-03
  +1.49892945110171129687e-03
  +1.49998121473096635535e-03
  +1.49905973988339160166e-03
  +1.49616866319922901807e-03
  +1.49131939443734331217e-03
  +1.48453107144611733993e-03
  +1.47583048463510810994e-03
  +1.46525197124553786809e-03
  +1.45283727983689346652e-03
  +1.43863540552443039920e-03
  +1.42270239661784194882e-03
  +1.40510113342418182202e-03
  +1.38590108008802403300e-03
  +1.36517801044821638842e-03
  +1.34301370899315704148e-03
  +1.31949564809478244072e-03
  +1.29471664279507975986e-03
  +1.26877448450751491131e-03
  +1.24177155507900534998e-03
  +1.21381442273553875714e-03
  +1.18501342150607803967e-03
  +1.15548221578454799255e-03
  +1.12533735174840852054e-03
  +1.09469779740413095115e-03
  +1.06368447307483176591e-03
  +1.03241977418299800580e-03
  +1.00102708821167454660e-03
  +9.69630307750435024329e-04
  +9.38353341547935719015e-04
  +9.07319625500691570932e-04
  +8.76651635507984662403e-04
  +8.46470404115444224544e-04
  +8.16895042854883478289e-04
  +7.88042272165500831162e-04
  +7.60025960751630272338e-04
  +7.32956676194986499716e-04
  +7.06941248594935428562e-04
  +6.82082348958895829695e-04
  +6.58478084006780799847e-04
  +6.36221608988592700860e-04
  +6.15400760043212174087e-04
  +5.96097707549285947548e-04
  +5.78388631836281529551e-04
  +5.62343422535531282415e-04
  +5.48025402757785942524e-04
  +5.35491079185827518333e-04
  +5.24789919068406455517e-04
  +5.15964154995611880630e-04
  +5.09048618226130454231e-04
  +5.04070601224183411498e-04
  +5.01049749948637526166e-04
  +4.99997986319382034005e-04
  +5.00919461166956354013e-04
  +5.03810537851118829186e-04
  +5.08659806613004643501e-04
  +5.15448129604230182062e-04
  +5.24148716415239737318e-04
  +5.34727229804809437060e-04
  +5.47141921213454380732e-04
  +5.61343795525917339632e-04
  +5.77276804432505790017e-04
  +5.94878067626165916819e-04
  +6.14078120962323597415e-04
  +6.34801190602131241991e-04
  +6.56965492057190588934e-04
  +6.80483552955564972853e-04
  +7.05262558255267762129e-04
  +7.31204716542832719103e-04
  +7.58207645971342605699e-04
  +7.86164778314808439588e-04
  +8.14965779544269807583e-04
  +8.44496985265799312605e-04
  +8.74641849301939326711e-04
  +9.05281403646216570845e-04
  +9.36294727975516081347e-04
  +9.67559426867349082514e-04
  +9.98952112838673083814e-04
  +1.03034889329991228082e-03
  +1.06162585950241201982e-03
  +1.09265957554965605948e-03
  +1.12332756554236285959e-03
  +1.15350879693490362271e-03
  +1.18308415819546436897e-03
  +1.21193692888484647399e-03
  +1.23995324029871735808e-03
  +1.26702252485536080544e-03
  +1.29303795245541220185e-03
  +1.31789685209145169230e-03
  +1.34150111704356704741e-03
  +1.36375759206175525481e-03
  +1.38457844100713534791e-03
  +1.40388149350106189971e-03
  +1.42159056921406599244e-03
  +1.43763577851481623958e-03
  +1.45195379829256157947e-03
  +1.46448812186452011208e-03
  +1.47518928198194106648e-03
  +1.48401504605473574978e-03
  +1.49093058282421717618e-03
  +1.49590859982616421892e-03
  +1.49892945110170999583e-03
  +1.49998121473096570483e-03
  +1.49905973988339116798e-03
  +1.49616866319922901807e-03
  +1.49131939443734309533e-03
  +1.48453107144611733993e-03
  +1.47583048463510789310e-03
  +1.46525197124553786809e-03
  +1.45283727983689324968e-03
  +1.43863540552443083288e-03
  +1.42270239661784173198e-03
  +1.40510113342418182202e-03
  +1.38590108008802424984e-03
  +1.36517801044821617158e-03
  +1.34301370899315682464e-03
  +1.31949564809478265756e-03
  +1.29471664279507954302e-03
  +1.26877448450751534499e-03
  +1.24177155507900534998e-03
  +1.21381442273553875714e-03
  +1.18501342150607803967e-03
  +1.15548221578454820939e-03
  +1.12533735174840873738e-03
  +1.09469779740413073431e-03
  +1.06368447307483154907e-03
  +1.03241977418299800580e-03
  +1.00102708821167454660e-03
  +9.69630307750435241169e-04
  +9.38353341547936152696e-04
  +9.07319625500691354092e-04
  +8.76651635507984662403e-04
  +8.46470404115444224544e-04
  +8.16895042854883044608e-04
  +7.88042272165500614321e-04
  +7.60025960751630706019e-04
  +7.32956676194986499716e-04
  +7.06941248594935536982e-04
  +6.82082348958896154956e-04
  +6.58478084006780908267e-04
  +6.36221608988592267180e-04
  +6.15400760043212174087e-04
  +5.96097707549285947548e-04
  +5.78388631836281312711e-04
  +5.62343422535531499255e-04
  +5.48025402757786159365e-04
  +5.35491079185827518333e-04
  +5.24789919068406563937e-04
  +5.15964154995611880630e-04
  +5.09048618226130345811e-04
  +5.04070601224183303078e-04
  +5.01049749948637526166e-04
  +4.99997986319382034005e-04
  +5.00919461166956354013e-04
  +5.03810537851118829186e-04
  +5.08659806613004643501e-04
  +5.15448129604230290482e-04
  +5.24148716415239628898e-04
  +5.34727229804809437060e-04
  +5.47141921213454597572e-04
  +5.61343795525917339632e-04
  +5.77276804432506006858e-04
  +5.94878067626165808399e-04
  +6.14078120962323272154e-04
  +6.34801190602130916731e-04
  +6.56965492057190805775e-04
  +6.80483552955564972853e-04
  +7.05262558255267870549e-04
  +7.31204716542833044364e-04
  +7.58207645971342822540e-04
  +7.86164778314808005907e-04
  +8.14965779544269699163e-04
  +8.44496985265799204184e-04
  +8.74641849301939435131e-04
  +9.05281403646216028744e-04
  +9.36294727975515105566e-04
  +9.67559426867348431993e-04
  +9.98952112838672866973e-04
</dep>
<dep _net2.Vt time>
  +1.00000000000000000000e+00
  +1.03139525976465673551e+00
  +1.06266661678215212916e+00
  +1.09369065729286241151e+00
  +1.12434494358242731415e+00
  +1.15450849718747372563e+00
  +1.18406227634233895962e+00
  +1.21288964578253644078e+00
  +1.24087683705085760622e+00
  +1.26791339748949827282e+00
  +1.29389262614623667957e+00
  +1.31871199487434487274e+00
  +1.34227355296434436305e+00
  +1.36448431371070588725e+00
  +1.38525662138789451561e+00
  +1.40450849718747372563e+00
  +1.42216396275100764868e+00
  +1.43815334002193173646e+00
  +1.45241352623300978841e+00
  +1.46488824294412567362e+00
  +1.47552825814757682110e+00
  +1.48429158056431553803e+00
  +1.49114362536434441608e+00
  +1.49605735065723899346e+00
  +1.49901336421413589051e+00
  +1.50000000000000000000e+00
  +1.49901336421413589051e+00
  +1.49605735065723899346e+00
  +1.49114362536434441608e+00
  +1.48429158056431553803e+00
  +1.47552825814757682110e+00
  +1.46488824294412567362e+00
  +1.45241352623300978841e+00
  +1.43815334002193173646e+00
  +1.42216396275100764868e+00
  +1.40450849718747372563e+00
  +1.38525662138789451561e+00
  +1.36448431371070566520e+00
  +1.34227355296434436305e+00
  +1.31871199487434465070e+00
  +1.29389262614623667957e+00
  +1.26791339748949827282e+00
  +1.24087683705085782826e+00
  +1.21288964578253621873e+00
  +1.18406227634233918167e+00
  +1.15450849718747372563e+00
  +1.12434494358242731415e+00
  +1.09369065729286218946e+00
  +1.06266661678215212916e+00
  +1.03139525976465651347e+00
  +1.00000000000000000000e+00
  +9.68604740235343375510e-01
  +9.37333383217847870839e-01
  +9.06309342707137588491e-01
  +8.75655056417572685845e-01
  +8.45491502812526385391e-01
  +8.15937723657661040377e-01
  +7.87110354217463670246e-01
  +7.59123162949142504807e-01
  +7.32086602510501727181e-01
  +7.06107373853763542471e-01
  +6.81288005125655127259e-01
  +6.57726447035655858997e-01
  +6.35515686289294334799e-01
  +6.14743378612105262349e-01
  +5.95491502812526274369e-01
  +5.77836037248992351323e-01
  +5.61846659978068263541e-01
  +5.47586473766990322609e-01
  +5.35111757055874326383e-01
  +5.24471741852423178898e-01
  +5.15708419435684461973e-01
  +5.08856374635655583916e-01
  +5.03942649342761117559e-01
  +5.00986635785864220516e-01
  +5.00000000000000000000e-01
  +5.00986635785864220516e-01
  +5.03942649342761006537e-01
  +5.08856374635655694938e-01
  +5.15708419435684350951e-01
  +5.24471741852423178898e-01
  +5.35111757055874215361e-01
  +5.47586473766990211587e-01
  +5.61846659978068263541e-01
  +5.77836037248992240301e-01
  +5.95491502812526274369e-01
  +6.14743378612105484393e-01
  +6.35515686289294223776e-01
  +6.57726447035655525930e-01
  +6.81288005125655127259e-01
  +7.06107373853763320426e-01
  +7.32086602510501838204e-01
  +7.59123162949142393785e-01
  +7.87110354217463559223e-01
  +8.15937723657661040377e-01
  +8.45491502812526163346e-01
  +8.75655056417572796867e-01
  +9.06309342707137699513e-01
  +9.37333383217848092883e-01
  +9.68604740235342931420e-01
  +9.99999999999999888978e-01
  +1.03139525976465629142e+00
  +1.06266661678215212916e+00
  +1.09369065729286218946e+00
  +1.12434494358242753620e+00
  +1.15450849718747394768e+00
  +1.18406227634233918167e+00
  +1.21288964578253599669e+00
  +1.24087683705085738417e+00
  +1.26791339748949805077e+00
  +1.29389262614623645753e+00
  +1.31871199487434487274e+00
  +1.34227355296434436305e+00
  +1.36448431371070588725e+00
  +1.38525662138789451561e+00
  +1.40450849718747394768e+00
  +1.42216396275100742663e+00
  +1.43815334002193173646e+00
  +1.45241352623300956637e+00
  +1.46488824294412567362e+00
  +1.47552825814757682110e+00
  +1.48429158056431553803e+00
  +1.49114362536434441608e+00
  +1.49605735065723899346e+00
  +1.49901336421413589051e+00
  +1.50000000000000000000e+00
  +1.49901336421413589051e+00
  +1.49605735065723899346e+00
  +1.49114362536434441608e+00
  +1.48429158056431553803e+00
  +1.47552825814757682110e+00
  +1.46488824294412545157e+00
  +1.45241352623300956637e+00
  +1.43815334002193218055e+00
  +1.42216396275100764868e+00
  +1.40450849718747372563e+00
  +1.38525662138789495970e+00
  +1.36448431371070544316e+00
  +1.34227355296434414100e+00
  +1.31871199487434487274e+00
  +1.29389262614623667957e+00
  +1.26791339748949871691e+00
  +1.24087683705085805030e+00
  +1.21288964578253621873e+00
  +1.18406227634233895962e+00
  +1.15450849718747394768e+00
  +1.12434494358242775824e+00
  +1.09369065729286196742e+00
  +1.06266661678215190712e+00
  +1.03139525976465673551e+00
  +1.00000000000000022204e+00
  +9.68604740235343708576e-01
  +9.37333383217848425950e-01
  +9.06309342707137477468e-01
  +8.75655056417572574823e-01
  +8.45491502812526496413e-01
  +8.15937723657660596288e-01
  +7.87110354217463337179e-01
  +7.59123162949143059919e-01
  +7.32086602510501727181e-01
  +7.06107373853763542471e-01
  +6.81288005125655460326e-01
  +6.57726447035656081042e-01
  +6.35515686289294112754e-01
  +6.14743378612105373371e-01
  +5.95491502812526385391e-01
  +5.77836037248992129278e-01
  +5.61846659978068485586e-01
  +5.47586473766990544654e-01
  +5.35111757055874326383e-01
  +5.24471741852423289920e-01
  +5.15708419435684461973e-01
  +5.08856374635655583916e-01
  +5.03942649342761006537e-01
  +5.00986635785864220516e-01
  +5.00000000000000000000e-01
  +5.00986635785864220516e-01
  +5.03942649342761006537e-01
  +5.08856374635655694938e-01
  +5.15708419435684461973e-01
  +5.24471741852423178898e-01
  +5.35111757055874104338e-01
  +5.47586473766990433631e-01
  +5.61846659978068263541e-01
  +5.77836037248992462345e-01
  +5.95491502812526163346e-01
  +6.14743378612105151326e-01
  +6.35515686289293890709e-01
  +6.57726447035655747975e-01
  +6.81288005125655127259e-01
  +7.06107373853763320426e-01
  +7.32086602510502171270e-01
  +7.59123162949142615830e-01
  +7.87110354217463004112e-01
  +8.15937723657660929355e-01
  +8.45491502812526052324e-01
  +8.75655056417573018912e-01
  +9.06309342707137144401e-01
  +9.37333383217847093682e-01
  +9.68604740235342376309e-01
  +9.99999999999999777955e-01
</dep>
<dep _net1.Vt time>
  +1.03994748263853788915e-05
  +1.04634400425498248419e-03
  +1.04069841668256979871e-03
  +1.03105521437034711695e-03
  +1.01736608385346043344e-03
  +9.99694864057097112506e-04
  +9.78115718340154174232e-04
  +9.52715803179619629901e-04
  +9.23596258858126067416e-04
  +8.90872411821097857573e-04
  +8.54673590629267086738e-04
  +8.15142737736564908062e-04
  +7.72435900425761214419e-04
  +7.26721639778385160129e-04
  +6.78180376625387684904e-04
  +6.27003684549056220995e-04
  +5.73393536101880502837e-04
  +5.17561506736967640724e-04
  +4.59727940277506407461e-04
  +4.00121079528621454054e-04
  +3.38976165601096964593e-04
  +2.76534509564208040924e-04
  +2.13042540120212184470e-04
  +1.48750831071644293389e-04
  +8.39131124244786293174e-05
  +1.87852690338347409727e-05
  -4.63756692557902136151e-05
  -1.11312541990012217911e-04
  -1.75769072998895249009e-04
  -2.39490881801791659616e-04
  -3.02226487531127884553e-04
  -3.63728301412200711023e-04
  -4.23753603883393723147e-04
  -4.82065502498613465947e-04
  -5.38433866834102381471e-04
  -5.92636236708084457661e-04
  -6.44458700129504923927e-04
  -6.93696737510679311244e-04
  -7.40156028812640484973e-04
  -7.83653220437799131332e-04
  -8.24016648843120622786e-04
  -8.61087018016781172852e-04
  -8.94718028147380227237e-04
  -9.24776953002656699164e-04
  -9.51145163738709685519e-04
  -9.73718597074416537113e-04
  -9.92408165981219616072e-04
  -1.00714011126881003953e-03
  -1.01785629267963587813e-03
  -1.02451441834163674630e-03
  -1.02708821167442213365e-03
  -1.02556751509164057953e-03
  -1.01995833008786834263e-03
  -1.01028279355387618985e-03
  -9.96579090411965065263e-04
  -9.78901302917818336158e-04
  -9.57319197222461764490e-04
  -9.31917948037118740699e-04
  -9.02797802487640462660e-04
  -8.70073684484713987669e-04
  -8.33874741171891187101e-04
  -7.94343833240734853961e-04
  -7.51636971124879376023e-04
  -7.05922699298252220509e-04
  -6.57381431106847228564e-04
  -6.06204736759709825536e-04
  -5.52594587289104502426e-04
  -4.96762557462958592031e-04
  -4.38928990795592701736e-04
  -3.79322129953042221605e-04
  -3.18177215983304808450e-04
  -2.55735559927378216204e-04
  -1.92243590474815373654e-04
  -1.27951881422274938707e-04
  -6.31141627733831976719e-05
  +2.01368061789529072147e-06
  +6.71746189078375408868e-05
  +1.32111491642249910755e-04
  +1.96568022651145627019e-04
  +2.60289831454080093122e-04
  +3.23025437183530592967e-04
  +3.84527251064793751129e-04
  +4.44552553535834487058e-04
  +5.02864452150914693039e-04
  +5.59232816486390869187e-04
  +6.13435186360385522122e-04
  +6.65257649781818781974e-04
  +7.14495687162980484125e-04
  +7.60954978464954234600e-04
  +8.04452170090252634618e-04
  +8.44815598495548647322e-04
  +8.81885967669107716065e-04
  +9.15516977799846415689e-04
  +9.45575902655122887616e-04
  +9.71944113391239408219e-04
  +9.94517546726857246814e-04
  +1.01320711563345736313e-03
  +1.02793906092112389758e-03
  +1.03865524233205143434e-03
  +1.04531336799392523401e-03
  +1.04788716132668525104e-03
  +1.04636646474385295626e-03
  +1.04075727974013124318e-03
  +1.03108174320624100540e-03
  +1.01737804006440599180e-03
  +9.99700252570284416190e-04
  +9.78118146874928061363e-04
  +9.52716897689534188490e-04
  +9.23596752139954320707e-04
  +8.90872634137091488384e-04
  +8.54673690824281156141e-04
  +8.15142782893188248827e-04
  +7.72435920777383619971e-04
  +7.26721648950629612804e-04
  +6.78180380759161086611e-04
  +6.27003686412137850072e-04
  +5.73393536941519950216e-04
  +5.17561507115411986897e-04
  +4.59727940448160425722e-04
  +4.00121079605559204929e-04
  +3.38976165635923273097e-04
  +2.76534509579895145318e-04
  +2.13042540127243452399e-04
  +1.48750831074791840716e-04
  +8.39131124258493454665e-05
  +1.87852690345200956591e-05
  -4.63756692554602163552e-05
  -1.11312541989859901058e-04
  -1.75769072998742918604e-04
  -2.39490881801740864744e-04
  -3.02226487531077143891e-04
  -3.63728301412251451685e-04
  -4.23753603883444463808e-04
  -4.82065502498588095617e-04
  -5.38433866834051640810e-04
  -5.92636236708059087330e-04
  -6.44458700129377963853e-04
  -6.93696737510577829920e-04
  -7.40156028812615114643e-04
  -7.83653220437672171257e-04
  -8.24016648842942922050e-04
  -8.61087018016578101785e-04
  -8.94718028147278745914e-04
  -9.24776953002631328833e-04
  -9.51145163738887386255e-04
  -9.73718597074416537113e-04
  -9.92408165981042023757e-04
  -1.00714011126870834137e-03
  -1.01785629267966124846e-03
  -1.02451441834148430747e-03
  -1.02708821167429528200e-03
  -1.02556751509148835755e-03
  -1.01995833008771590381e-03
  -1.01028279355382544918e-03
  -9.96579090411990435594e-04
  -9.78901302917742008325e-04
  -9.57319197222461764490e-04
  -9.31917948037207536857e-04
  -9.02797802487551666502e-04
  -8.70073684484675932173e-04
  -8.33874741171941927763e-04
  -7.94343833240734853961e-04
  -7.51636971124854005692e-04
  -7.05922699298239535344e-04
  -6.57381431106745747241e-04
  -6.06204736759620920958e-04
  -5.52594587289129872756e-04
  -4.96762557462983962361e-04
  -4.38928990795554646240e-04
  -3.79322129953067591936e-04
  -3.18177215983292123284e-04
  -2.55735559927365531038e-04
  -1.92243590474802688488e-04
  -1.27951881422300309038e-04
  -6.31141627733831976719e-05
  +2.01368061793336612300e-06
  +6.71746189079009938189e-05
  +1.32111491642275281086e-04
  +1.96568022651171024455e-04
  +2.60289831454156258325e-04
  +3.23025437183543278133e-04
  +3.84527251064743010468e-04
  +4.44552553535847226433e-04
  +5.02864452150914693039e-04
  +5.59232816486390869187e-04
  +6.13435186360423686039e-04
  +6.65257649781844043885e-04
  +7.14495687162929635043e-04
  +7.60954978464979713351e-04
  +8.04452170090201785536e-04
  +8.44815598495485221495e-04
  +8.81885967669107716065e-04
  +9.15516977799859100855e-04
  +9.45575902654995927542e-04
  +9.71944113391188667557e-04
  +9.94517546726933357806e-04
  +1.01320711563348273346e-03
  +1.02793906092112389758e-03
  +1.03865524233207658783e-03
  +1.04531336799400134500e-03
  +1.04788716132691358401e-03
</dep>
<dep Uin.Vt time>
  +1.00000000000000000000e+00
  +1.03139525976465673551e+00
  +1.06266661678215212916e+00
  +1.09369065729286241151e+00
  +1.12434494358242731415e+00
  +1.15450849718747372563e+00
  +1.18406227634233895962e+00
  +1.21288964578253644078e+00
  +1.24087683705085760622e+00
  +1.26791339748949827282e+00
  +1.29389262614623667957e+00
  +1.31871199487434487274e+00
  +1.34227355296434436305e+00
  +1.36448431371070588725e+00
  +1.38525662138789451561e+00
  +1.40450849718747372563e+00
  +1.42216396275100764868e+00
  +1.43815334002193173646e+00
  +1.45241352623300978841e+00
  +1.46488824294412567362e+00
  +1.47552825814757682110e+00
  +1.48429158056431553803e+00
  +1.49114362536434441608e+00
  +1.49605735065723899346e+00
  +1.49901336421413589051e+00
  +1.50000000000000000000e+00
  +1.49901336421413589051e+00
  +1.49605735065723899346e+00
  +1.49114362536434441608e+00
  +1.48429158056431553803e+00
  +1.47552825814757682110e+00
  +1.46488824294412567362e+00
  +1.45241352623300978841e+00
  +1.43815334002193173646e+00
  +1.42216396275100764868e+00
  +1.40450849718747372563e+00
  +1.38525662138789451561e+00
  +1.36448431371070566520e+00
  +1.34227355296434436305e+00
  +1.31871199487434465070e+00
  +1.29389262614623667957e+00
  +1.26791339748949827282e+00
  +1.24087683705085782826e+00
  +1.21288964578253621873e+00
  +1.18406227634233918167e+00
  +1.15450849718747372563e+00
  +1.12434494358242731415e+00
  +1.09369065729286218946e+00
  +1.06266661678215212916e+00
  +1.03139525976465651347e+00
  +1.00000000000000000000e+00
  +9.68604740235343375510e-01
  +9.37333383217847870839e-01
  +9.06309342707137588491e-01
  +8.75655056417572685845e-01
  +8.45491502812526385391e-01
  +8.15937723657661040377e-01
  +7.87110354217463670246e-01
  +7.59123162949142504807e-01
  +7.32086602510501727181e-01
  +7.06107373853763542471e-01
  +6.81288005125655127259e-01
  +6.57726447035655858997e-01
  +6.35515686289294334799e-01
  +6.14743378612105262349e-01
  +5.95491502812526274369e-01
  +5.77836037248992351323e-01
  +5.61846659978068263541e-01
  +5.47586473766990322609e-01
  +5.35111757055874326383e-01
  +5.24471741852423178898e-01
  +5.15708419435684461973e-01
  +5.08856374635655583916e-01
  +5.03942649342761117559e-01
  +5.00986635785864220516e-01
  +5.00000000000000000000e-01
  +5.00986635785864220516e-01
  +5.03942649342761006537e-01
  +5.08856374635655694938e-01
  +5.15708419435684350951e-01
  +5.24471741852423178898e-01
  +5.35111757055874215361e-01
  +5.47586473766990211587e-01
  +5.61846659978068263541e-01
  +5.77836037248992240301e-01
  +5.95491502812526274369e-01
  +6.14743378612105484393e-01
  +6.35515686289294223776e-01
  +6.57726447035655525930e-01
  +6.81288005125655127259e-01
  +7.06107373853763320426e-01
  +7.32086602510501838204e-01
  +7.59123162949142393785e-01
  +7.87110354217463559223e-01
  +8.15937723657661040377e-01
  +8.45491502812526163346e-01
  +8.75655056417572796867e-01
  +9.06309342707137699513e-01
  +9.37333383217848092883e-01
  +9.68604740235342931420e-01
  +9.99999999999999888978e-01
  +1.03139525976465629142e+00
  +1.06266661678215212916e+00
  +1.09369065729286218946e+00
  +1.12434494358242753620e+00
  +1.15450849718747394768e+00
  +1.18406227634233918167e+00
  +1.21288964578253599669e+00
  +1.24087683705085738417e+00
  +1.26791339748949805077e+00
  +1.29389262614623645753e+00
  +1.31871199487434487274e+00
  +1.34227355296434436305e+00
  +1.36448431371070588725e+00
  +1.38525662138789451561e+00
  +1.40450849718747394768e+00
  +1.42216396275100742663e+00
  +1.43815334002193173646e+00
  +1.45241352623300956637e+00
  +1.46488824294412567362e+00
  +1.47552825814757682110e+00
  +1.48429158056431553803e+00
  +1.49114362536434441608e+00
  +1.49605735065723899346e+00
  +1.49901336421413589051e+00
  +1.50000000000000000000e+00
  +1.49901336421413589051e+00
  +1.49605735065723899346e+00
  +1.49114362536434441608e+00
  +1.48429158056431553803e+00
  +1.47552825814757682110e+00
  +1.46488824294412545157e+00
  +1.45241352623300956637e+00
  +1.43815334002193218055e+00
  +1.42216396275100764868e+00
  +1.40450849718747372563e+00
  +1.38525662138789495970e+00
  +1.36448431371070544316e+00
  +1.34227355296434414100e+00
  +1.31871199487434487274e+00
  +1.29389262614623667957e+00
  +1.26791339748949871691e+00
  +1.24087683705085805030e+00
  +1.21288964578253621873e+00
  +1.18406227634233895962e+00
  +1.15450849718747394768e+00
  +1.12434494358242775824e+00
  +1.09369065729286196742e+00
  +1.06266661678215190712e+00
  +1.03139525976465673551e+00
  +1.00000000000000022204e+00
  +9.68604740235343708576e-01
  +9.37333383217848425950e-01
  +9.06309342707137477468e-01
  +8.75655056417572574823e-01
  +8.45491502812526496413e-01
  +8.15937723657660596288e-01
  +7.87110354217463337179e-01
  +7.59123162949143059919e-01
  +7.32086602510501727181e-01
  +7.06107373853763542471e-01
  +6.81288005125655460326e-01
  +6.57726447035656081042e-01
  +6.35515686289294112754e-01
  +6.14743378612105373371e-01
  +5.95491502812526385391e-01
  +5.77836037248992129278e-01
  +5.61846659978068485586e-01
  +5.47586473766990544654e-01
  +5.35111757055874326383e-01
  +5.24471741852423289920e-01
  +5.15708419435684461973e-01
  +5.08856374635655583916e-01
  +5.03942649342761006537e-01
  +5.00986635785864220516e-01
  +5.00000000000000000000e-01
  +5.00986635785864220516e-01
  +5.03942649342761006537e-01
  +5.08856374635655694938e-01
  +5.15708419435684461973e-01
  +5.24471741852423178898e-01
  +5.35111757055874104338e-01
  +5.47586473766990433631e-01
  +5.61846659978068263541e-01
  +5.77836037248992462345e-01
  +5.95491502812526163346e-01
  +6.14743378612105151326e-01
  +6.35515686289293890709e-01
  +6.57726447035655747975e-01
  +6.81288005125655127259e-01
  +7.06107373853763320426e-01
  +7.32086602510502171270e-01
  +7.59123162949142615830e-01
  +7.87110354217463004112e-01
  +8.15937723657660929355e-01
  +8.45491502812526052324e-01
  +8.75655056417573018912e-01
  +9.06309342707137144401e-01
  +9.37333383217847093682e-01
  +9.68604740235342376309e-01
  +9.99999999999999777955e-01
</dep>
<dep Uut.Vt time>
  -1.99996880157552059387e+00
  -2.05965148751654858472e+00
  -2.12221113831425611806e+00
  -2.18428814894261336121e+00
  -2.24563778891329413057e+00
  -2.30601790978277598754e+00
  -2.36519020552965786308e+00
  -2.42292114415553383466e+00
  -2.47898288532514010640e+00
  -2.53315417774353246472e+00
  -2.58522123152058558304e+00
  -2.63497856153548015712e+00
  -2.68222979822741125489e+00
  -2.72678846250207618240e+00
  -2.76847870164591292053e+00
  -2.80713598332130054303e+00
  -2.84260774489370948714e+00
  -2.87475399552365296074e+00
  -2.90344786864518766833e+00
  -2.92857612264966515880e+00
  -2.95003958779835029347e+00
  -2.96775355759993830773e+00
  -2.98164812310832871844e+00
  -2.99166844882126303773e+00
  -2.99777498909099815450e+00
  -2.99994364419289860635e+00
  -2.99816585543603864039e+00
  -2.99244863894044765829e+00
  -2.98281455794768568524e+00
  -2.96930163377403610880e+00
  -2.95196319575774746014e+00
  -2.93086767079248833312e+00
  -2.90609831327766965359e+00
  -2.87775287655135958431e+00
  -2.84594322710251779185e+00
  -2.81079490308507162766e+00
  -2.77244661887617782625e+00
  -2.73104971763394299700e+00
  -2.68676757401512711354e+00
  -2.63977494941000312423e+00
  -2.59025730223900296778e+00
  -2.53841005603304692428e+00
  -2.48443782818615810370e+00
  -2.42855362242408068241e+00
  -2.37097798817589477949e+00
  -2.31193815016617021385e+00
  -2.25166711166279798206e+00
  -2.19040273491953074725e+00
  -2.12838680244234312866e+00
  -2.06586406278433765138e+00
  -2.00308126463502311765e+00
  -1.94028618301596145201e+00
  -1.87772664142595990810e+00
  -1.81564953379493676522e+00
  -1.75429985010638112009e+00
  -1.69391970953380610609e+00
  -1.63474740490698899897e+00
  -1.57701646227903879982e+00
  -1.52095471930574799302e+00
  -1.46678342607445766355e+00
  -1.41471637193104271546e+00
  -1.36495904175103244249e+00
  -1.31770780498468620401e+00
  -1.27314914067648365936e+00
  -1.23145890151753101271e+00
  -1.19280161983533150583e+00
  -1.15732985825985190687e+00
  -1.12518360762852531742e+00
  -1.09648973450636733062e+00
  -1.07136148050160806555e+00
  -1.04989801535279658751e+00
  -1.03218404555115128574e+00
  -1.01828948004273578398e+00
  -1.00826915432978903020e+00
  -1.00216261406004858436e+00
  -9.99993958958146467175e-01
  -1.00177174771500498984e+00
  -1.00748896421059552786e+00
  -1.01712304520335772295e+00
  -1.03063596937700596712e+00
  -1.04797440739329617010e+00
  -1.06906993235855418689e+00
  -1.09383928987337286642e+00
  -1.12218472659968360183e+00
  -1.15399437604852517225e+00
  -1.18914270006597133644e+00
  -1.22749098427486535989e+00
  -1.26888788551709952301e+00
  -1.31317002913591607260e+00
  -1.36016265374103983987e+00
  -1.40968030091204021836e+00
  -1.46152754711799648391e+00
  -1.51549977496488530448e+00
  -1.57138398072696161556e+00
  -1.62895961497514818461e+00
  -1.68799945298487186207e+00
  -1.74827049148824498204e+00
  -1.80953486823151199481e+00
  -1.87155080070870027953e+00
  -1.93407354036670464659e+00
  -1.99685633851601918032e+00
  -2.05965142013508062391e+00
  -2.12221096172508394417e+00
  -2.18428806935610575479e+00
  -2.24563775304466206606e+00
  -2.30601789361723730210e+00
  -2.36519019824405329899e+00
  -2.42292114087200305406e+00
  -2.47898288384529452699e+00
  -2.53315417707658463442e+00
  -2.58522123121999980455e+00
  -2.63497856140001029956e+00
  -2.68222979816635653805e+00
  -2.72678846247455952678e+00
  -2.76847870163351172934e+00
  -2.80713598331571123623e+00
  -2.84260774489119061315e+00
  -2.87475399552251786872e+00
  -2.90344786864467474530e+00
  -2.92857612264943467650e+00
  -2.95003958779824637659e+00
  -2.96775355759989079019e+00
  -2.98164812310830740216e+00
  -2.99166844882125371186e+00
  -2.99777498909099415769e+00
  -2.99994364419289638590e+00
  -2.99816585543603819630e+00
  -2.99244863894044721420e+00
  -2.98281455794768524115e+00
  -2.96930163377403566471e+00
  -2.95196319575774746014e+00
  -2.93086767079248788903e+00
  -2.90609831327766920950e+00
  -2.87775287655136002840e+00
  -2.84594322710251779185e+00
  -2.81079490308507162766e+00
  -2.77244661887617827034e+00
  -2.73104971763394255291e+00
  -2.68676757401512666945e+00
  -2.63977494941000312423e+00
  -2.59025730223900252369e+00
  -2.53841005603304781246e+00
  -2.48443782818615765962e+00
  -2.42855362242408068241e+00
  -2.37097798817589477949e+00
  -2.31193815016617110203e+00
  -2.25166711166279842615e+00
  -2.19040273491952985907e+00
  -2.12838680244234312866e+00
  -2.06586406278433765138e+00
  -2.00308126463502356174e+00
  -1.94028618301596189610e+00
  -1.87772664142595990810e+00
  -1.81564953379493676522e+00
  -1.75429985010638112009e+00
  -1.69391970953380610609e+00
  -1.63474740490698855488e+00
  -1.57701646227903813369e+00
  -1.52095471930574888120e+00
  -1.46678342607445766355e+00
  -1.41471637193104293750e+00
  -1.36495904175103310862e+00
  -1.31770780498468642605e+00
  -1.27314914067648277118e+00
  -1.23145890151753079067e+00
  -1.19280161983533150583e+00
  -1.15732985825985168482e+00
  -1.12518360762852598356e+00
  -1.09648973450636755267e+00
  -1.07136148050160806555e+00
  -1.04989801535279658751e+00
  -1.03218404555115128574e+00
  -1.01828948004273556194e+00
  -1.00826915432978903020e+00
  -1.00216261406004858436e+00
  -9.99993958958146467175e-01
  -1.00177174771500476780e+00
  -1.00748896421059530581e+00
  -1.01712304520335772295e+00
  -1.03063596937700618916e+00
  -1.04797440739329617010e+00
  -1.06906993235855396485e+00
  -1.09383928987337353256e+00
  -1.12218472659968360183e+00
  -1.15399437604852561634e+00
  -1.18914270006597111440e+00
  -1.22749098427486469376e+00
  -1.26888788551709885688e+00
  -1.31317002913591673874e+00
  -1.36016265374104006192e+00
  -1.40968030091204044041e+00
  -1.46152754711799692799e+00
  -1.51549977496488574857e+00
  -1.57138398072696072738e+00
  -1.62895961497514818461e+00
  -1.68799945298487141798e+00
  -1.74827049148824542613e+00
  -1.80953486823151132867e+00
  -1.87155080070869805908e+00
  -1.93407354036670287023e+00
  -1.99685633851601873623e+00
</dep>
<dep _net0.Vt time>
  +1.00000000000000000000e+00
  +1.00000000000000000000e+00
  +1.00000000000000000000e+00
  +1.00000000000000000000e+00
  +9.99999999999999888978e-01
  +1.00000000000000000000e+00
  +1.00000000000000000000e+00
  +1.00000000000000000000e+00
  +1.00000000000000000000e+00
  +1.00000000000000000000e+00
  +1.00000000000000000000e+00
  +1.00000000000000000000e+00
  +1.00000000000000000000e+00
  +1.00000000000000000000e+00
  +9.99999999999999888978e-01
  +1.00000000000000000000e+00
  +1.00000000000000000000e+00
  +1.00000000000000000000e+00
  +1.00000000000000000000e+00
  +1.00000000000000000000e+00
  +1.00000000000000000000e+00
  +1.00000000000000000000e+00
  +1.00000000000000000000e+00
  +1.00000000000000000000e+00
  +1.00000000000000000000e+00
  +1.00000000000000000000e+00
  +1.00000000000000000000e+00
  +1.00000000000000000000e+00
  +1.00000000000000000000e+00
  +1.00000000000000000000e+00
  +1.00000000000000000000e+00
  +1.00000000000000000000e+00
  +1.00000000000000000000e+00
  +1.00000000000000000000e+00
  +1.00000000000000000000e+00
  +1.00000000000000000000e+00
  +9.99999999999999888978e-01
  +1.00000000000000000000e+00
  +1.00000000000000000000e+00
  +9.99999999999999888978e-01
  +1.00000000000000000000e+00
  +1.00000000000000000000e+00
  +1.00000000000000000000e+00
  +1.00000000000000000000e+00
  +1.00000000000000000000e+00
  +1.00000000000000000000e+00
  +9.99999999999999888978e-01
  +9.99999999999999888978e-01
  +1.00000000000000000000e+00
  +1.00000000000000000000e+00
  +9.99999999999999888978e-01
  +1.00000000000000000000e+00
  +1.00000000000000000000e+00
  +1.00000000000000000000e+00
  +1.00000000000000000000e+00
  +1.00000000000000000000e+00
  +1.00000000000000000000e+00
  +1.00000000000000000000e+00
  +1.00000000000000000000e+00
  +1.00000000000000000000e+00
  +1.00000000000000000000e+00
  +1.00000000000000000000e+00
  +1.00000000000000000000e+00
  +1.00000000000000000000e+00
  +1.00000000000000000000e+00
  +1.00000000000000000000e+00
  +1.00000000000000000000e+00
  +1.00000000000000000000e+00
  +1.00000000000000000000e+00
  +1.00000000000000000000e+00
  +1.00000000000000000000e+00
  +1.00000000000000000000e+00
  +1.00000000000000000000e+00
  +1.00000000000000000000e+00
  +1.00000000000000000000e+00
  +1.00000000000000000000e+00
  +1.00000000000000000000e+00
  +1.00000000000000000000e+00
  +1.00000000000000000000e+00
  +1.00000000000000000000e+00
  +1.00000000000000000000e+00
  +1.00000000000000000000e+00
  +1.00000000000000000000e+00
  +1.00000000000000000000e+00
  +1.00000000000000000000e+00
  +1.00000000000000000000e+00
  +1.00000000000000000000e+00
  +1.00000000000000000000e+00
  +1.00000000000000000000e+00
  +1.00000000000000000000e+00
  +1.00000000000000000000e+00
  +1.00000000000000000000e+00
  +1.00000000000000000000e+00
  +1.00000000000000000000e+00
  +1.00000000000000000000e+00
  +1.00000000000000000000e+00
  +1.00000000000000000000e+00
  +1.00000000000000000000e+00
  +1.00000000000000000000e+00
  +1.00000000000000000000e+00
  +1.00000000000000000000e+00
  +9.99999999999999888978e-01
  +1.00000000000000000000e+00
  +1.00000000000000000000e+00
  +1.00000000000000000000e+00
  +1.00000000000000000000e+00
  +1.00000000000000000000e+00
  +1.00000000000000000000e+00
  +1.00000000000000000000e+00
  +1.00000000000000000000e+00
  +1.00000000000000000000e+00
  +1.00000000000000000000e+00
  +1.00000000000000000000e+00
  +1.00000000000000000000e+00
  +9.99999999999999888978e-01
  +1.00000000000000000000e+00
  +1.00000000000000000000e+00
  +1.00000000000000000000e+00
  +9.99999999999999888978e-01
  +1.00000000000000000000e+00
  +1.00000000000000000000e+00
  +1.00000000000000000000e+00
  +1.00000000000000000000e+00
  +1.00000000000000000000e+00
  +1.00000000000000000000e+00
  +1.00000000000000000000e+00
  +1.00000000000000000000e+00
  +1.00000000000000000000e+00
  +1.00000000000000000000e+00
  +1.00000000000000000000e+00
  +1.00000000000000000000e+00
  +1.00000000000000000000e+00
  +1.00000000000000000000e+00
  +1.00000000000000000000e+00
  +1.00000000000000000000e+00
  +9.99999999999999888978e-01
  +1.00000000000000000000e+00
  +1.00000000000000000000e+00
  +1.00000000000000000000e+00
  +1.00000000000000000000e+00
  +1.00000000000000000000e+00
  +1.00000000000000000000e+00
  +1.00000000000000000000e+00
  +1.00000000000000000000e+00
  +1.00000000000000000000e+00
  +1.00000000000000000000e+00
  +1.00000000000000000000e+00
  +1.00000000000000000000e+00
  +1.00000000000000000000e+00
  +1.00000000000000000000e+00
  +1.00000000000000000000e+00
  +1.00000000000000000000e+00
  +1.00000000000000000000e+00
  +1.00000000000000000000e+00
  +1.00000000000000000000e+00
  +1.00000000000000000000e+00
  +1.00000000000000000000e+00
  +1.00000000000000000000e+00
  +1.00000000000000000000e+00
  +1.00000000000000000000e+00
  +1.00000000000000000000e+00
  +1.00000000000000000000e+00
  +1.00000000000000000000e+00
  +1.00000000000000000000e+00
  +1.00000000000000000000e+00
  +1.00000000000000000000e+00
  +1.00000000000000000000e+00
  +1.00000000000000000000e+00
  +1.00000000000000000000e+00
  +1.00000000000000000000e+00
  +1.00000000000000000000e+00
  +1.00000000000000000000e+00
  +1.00000000000000000000e+00
  +1.00000000000000000000e+00
  +1.00000000000000000000e+00
  +1.00000000000000000000e+00
  +1.00000000000000000000e+00
  +1.00000000000000000000e+00
  +1.00000000000000000000e+00
  +1.00000000000000000000e+00
  +1.00000000000000000000e+00
  +1.00000000000000000000e+00
  +1.00000000000000000000e+00
  +1.00000000000000000000e+00
  +1.00000000000000000000e+00
  +1.00000000000000000000e+00
  +1.00000000000000000000e+00
  +1.00000000000000000000e+00
  +1.00000000000000000000e+00
  +1.00000000000000000000e+00
  +1.00000000000000000000e+00
  +1.00000000000000000000e+00
  +1.00000000000000000000e+00
  +1.00000000000000000000e+00
  +1.00000000000000000000e+00
  +1.00000000000000000000e+00
  +1.00000000000000000000e+00
  +1.00000000000000000000e+00
  +1.00000000000000000000e+00
  +1.00000000000000000000e+00
  +1.00000000000000000000e+00
</dep>
<indep V1.I 1>
  -9.99989600525173815207e-04
</indep>
<indep V2.I 1>
  -9.99989600525173815207e-04
</indep>
<indep Pr1.I 1>
  +9.99989600525173815207e-04
</indep>
<indep _net2.V 1>
  +1.00000000000000000000e+00
</indep>
<indep _net1.V 1>
  +1.03994748261823061306e-05
</indep>
<indep Uin.V 1>
  +1.00000000000000000000e+00
</indep>
<indep Uut.V 1>
  -1.99996880157552103796e+00
</indep>
<indep _net0.V 1>
  +1.00000000000000000000e+00
</indep>
