<Qucs Dataset 0.0.19>
<indep time 201>
  +0.00000000000000000000e+00
  +1.00000000000000008180e-05
  +2.00000000000000016361e-05
  +3.00000000000000041482e-05
  +4.00000000000000032721e-05
  +5.00000000000000023961e-05
  +6.00000000000000082963e-05
  +7.00000000000000074203e-05
  +8.00000000000000065442e-05
  +9.00000000000000056682e-05
  +1.00000000000000004792e-04
  +1.10000000000000003916e-04
  +1.20000000000000016593e-04
  +1.30000000000000015717e-04
  +1.40000000000000014841e-04
  +1.50000000000000013965e-04
  +1.60000000000000013088e-04
  +1.70000000000000012212e-04
  +1.80000000000000011336e-04
  +1.90000000000000010460e-04
  +2.00000000000000009584e-04
  +2.10000000000000008708e-04
  +2.20000000000000007832e-04
  +2.30000000000000006956e-04
  +2.40000000000000033185e-04
  +2.50000000000000005204e-04
  +2.60000000000000031433e-04
  +2.70000000000000003452e-04
  +2.80000000000000029681e-04
  +2.90000000000000001700e-04
  +3.00000000000000027929e-04
  +3.09999999999999999948e-04
  +3.20000000000000026177e-04
  +3.30000000000000052406e-04
  +3.40000000000000024425e-04
  +3.50000000000000050654e-04
  +3.60000000000000022673e-04
  +3.70000000000000048902e-04
  +3.80000000000000020921e-04
  +3.90000000000000047150e-04
  +4.00000000000000019169e-04
  +4.10000000000000045398e-04
  +4.20000000000000017417e-04
  +4.30000000000000043646e-04
  +4.40000000000000015665e-04
  +4.50000000000000041894e-04
  +4.60000000000000013912e-04
  +4.70000000000000040142e-04
  +4.80000000000000066371e-04
  +4.90000000000000092600e-04
  +5.00000000000000010408e-04
  +5.10000000000000036637e-04
  +5.20000000000000062866e-04
  +5.30000000000000089095e-04
  +5.40000000000000006904e-04
  +5.50000000000000033133e-04
  +5.60000000000000059362e-04
  +5.70000000000000085591e-04
  +5.80000000000000003400e-04
  +5.90000000000000029629e-04
  +6.00000000000000055858e-04
  +6.10000000000000082087e-04
  +6.19999999999999999896e-04
  +6.30000000000000026125e-04
  +6.40000000000000052354e-04
  +6.50000000000000078583e-04
  +6.60000000000000104812e-04
  +6.70000000000000022621e-04
  +6.80000000000000048850e-04
  +6.90000000000000075079e-04
  +7.00000000000000101308e-04
  +7.10000000000000019117e-04
  +7.20000000000000045346e-04
  +7.30000000000000071575e-04
  +7.40000000000000097804e-04
  +7.50000000000000015613e-04
  +7.60000000000000041842e-04
  +7.70000000000000068071e-04
  +7.80000000000000094300e-04
  +7.90000000000000012108e-04
  +8.00000000000000038337e-04
  +8.10000000000000064566e-04
  +8.20000000000000090795e-04
  +8.30000000000000117024e-04
  +8.40000000000000034833e-04
  +8.50000000000000061062e-04
  +8.60000000000000087291e-04
  +8.70000000000000113520e-04
  +8.80000000000000031329e-04
  +8.90000000000000057558e-04
  +9.00000000000000083787e-04
  +9.10000000000000110016e-04
  +9.20000000000000027825e-04
  +9.30000000000000054054e-04
  +9.40000000000000080283e-04
  +9.50000000000000106512e-04
  +9.60000000000000132741e-04
  +9.70000000000000050550e-04
  +9.80000000000000185199e-04
  +9.89999999999999994588e-04
  +1.00000000000000002082e-03
  +1.01000000000000004705e-03
  +1.02000000000000007327e-03
  +1.03000000000000009950e-03
  +1.04000000000000012573e-03
  +1.05000000000000015196e-03
  +1.06000000000000017819e-03
  +1.06999999999999998758e-03
  +1.08000000000000001381e-03
  +1.09000000000000004004e-03
  +1.10000000000000006627e-03
  +1.11000000000000009250e-03
  +1.12000000000000011872e-03
  +1.13000000000000014495e-03
  +1.14000000000000017118e-03
  +1.15000000000000019741e-03
  +1.16000000000000000680e-03
  +1.17000000000000003303e-03
  +1.18000000000000005926e-03
  +1.19000000000000008549e-03
  +1.20000000000000011172e-03
  +1.21000000000000013795e-03
  +1.22000000000000016417e-03
  +1.23000000000000019040e-03
  +1.23999999999999999979e-03
  +1.25000000000000002602e-03
  +1.26000000000000005225e-03
  +1.27000000000000007848e-03
  +1.28000000000000010471e-03
  +1.29000000000000013094e-03
  +1.30000000000000015717e-03
  +1.31000000000000018339e-03
  +1.32000000000000020962e-03
  +1.33000000000000001901e-03
  +1.34000000000000004524e-03
  +1.35000000000000007147e-03
  +1.36000000000000009770e-03
  +1.37000000000000012393e-03
  +1.38000000000000015016e-03
  +1.39000000000000017639e-03
  +1.40000000000000020262e-03
  +1.41000000000000001200e-03
  +1.42000000000000003823e-03
  +1.43000000000000006446e-03
  +1.44000000000000009069e-03
  +1.45000000000000011692e-03
  +1.46000000000000014315e-03
  +1.47000000000000016938e-03
  +1.48000000000000019561e-03
  +1.49000000000000022184e-03
  +1.50000000000000003123e-03
  +1.51000000000000005745e-03
  +1.52000000000000008368e-03
  +1.53000000000000010991e-03
  +1.54000000000000013614e-03
  +1.55000000000000016237e-03
  +1.56000000000000018860e-03
  +1.57000000000000021483e-03
  +1.58000000000000002422e-03
  +1.59000000000000005045e-03
  +1.60000000000000007667e-03
  +1.61000000000000010290e-03
  +1.62000000000000012913e-03
  +1.63000000000000015536e-03
  +1.64000000000000018159e-03
  +1.65000000000000020782e-03
  +1.66000000000000023405e-03
  +1.67000000000000004344e-03
  +1.68000000000000006967e-03
  +1.69000000000000009590e-03
  +1.70000000000000012212e-03
  +1.71000000000000014835e-03
  +1.72000000000000017458e-03
  +1.73000000000000020081e-03
  +1.74000000000000022704e-03
  +1.75000000000000003643e-03
  +1.76000000000000006266e-03
  +1.77000000000000008889e-03
  +1.78000000000000011512e-03
  +1.79000000000000014135e-03
  +1.80000000000000016757e-03
  +1.81000000000000019380e-03
  +1.82000000000000022003e-03
  +1.83000000000000024626e-03
  +1.84000000000000005565e-03
  +1.85000000000000008188e-03
  +1.86000000000000010811e-03
  +1.87000000000000013434e-03
  +1.88000000000000016057e-03
  +1.89000000000000018680e-03
  +1.90000000000000021302e-03
  +1.91000000000000023925e-03
  +1.92000000000000026548e-03
  +1.93000000000000007487e-03
  +1.94000000000000010110e-03
  +1.95000000000000012733e-03
  +1.96000000000000037040e-03
  +1.96999999999999996295e-03
  +1.97999999999999998918e-03
  +1.99000000000000001540e-03
  +2.00000000000000004163e-03
</indep>
<dep V1.It time>
  +0.00000000000000000000e+00
  +0.00000000000000000000e+00
  +0.00000000000000000000e+00
  +0.00000000000000000000e+00
  +0.00000000000000000000e+00
  +0.00000000000000000000e+00
  +0.00000000000000000000e+00
  +0.00000000000000000000e+00
  +0.00000000000000000000e+00
  +0.00000000000000000000e+00
  +0.00000000000000000000e+00
  +0.00000000000000000000e+00
  +0.00000000000000000000e+00
  +0.00000000000000000000e+00
  +0.00000000000000000000e+00
  +0.00000000000000000000e+00
  +0.00000000000000000000e+00
  +0.00000000000000000000e+00
  +0.00000000000000000000e+00
  +0.00000000000000000000e+00
  +0.00000000000000000000e+00
  +0.00000000000000000000e+00
  +0.00000000000000000000e+00
  +0.00000000000000000000e+00
  +0.00000000000000000000e+00
  +0.00000000000000000000e+00
  +0.00000000000000000000e+00
  +0.00000000000000000000e+00
  +0.00000000000000000000e+00
  +0.00000000000000000000e+00
  +0.00000000000000000000e+00
  +0.00000000000000000000e+00
  +0.00000000000000000000e+00
  +0.00000000000000000000e+00
  +0.00000000000000000000e+00
  +0.00000000000000000000e+00
  +0.00000000000000000000e+00
  +0.00000000000000000000e+00
  +0.00000000000000000000e+00
  +0.00000000000000000000e+00
  +0.00000000000000000000e+00
  +0.00000000000000000000e+00
  +0.00000000000000000000e+00
  +0.00000000000000000000e+00
  +0.00000000000000000000e+00
  +0.00000000000000000000e+00
  +0.00000000000000000000e+00
  +0.00000000000000000000e+00
  +0.00000000000000000000e+00
  +0.00000000000000000000e+00
  +0.00000000000000000000e+00
  +0.00000000000000000000e+00
  +0.00000000000000000000e+00
  +0.00000000000000000000e+00
  +0.00000000000000000000e+00
  +0.00000000000000000000e+00
  +0.00000000000000000000e+00
  +0.00000000000000000000e+00
  +0.00000000000000000000e+00
  +0.00000000000000000000e+00
  +0.00000000000000000000e+00
  +0.00000000000000000000e+00
  +0.00000000000000000000e+00
  +0.00000000000000000000e+00
  +0.00000000000000000000e+00
  +0.00000000000000000000e+00
  +0.00000000000000000000e+00
  +0.00000000000000000000e+00
  +0.00000000000000000000e+00
  +0.00000000000000000000e+00
  +0.00000000000000000000e+00
  +0.00000000000000000000e+00
  +0.00000000000000000000e+00
  +0.00000000000000000000e+00
  +0.00000000000000000000e+00
  +0.00000000000000000000e+00
  +0.00000000000000000000e+00
  +0.00000000000000000000e+00
  +0.00000000000000000000e+00
  +0.00000000000000000000e+00
  +0.00000000000000000000e+00
  +0.00000000000000000000e+00
  +0.00000000000000000000e+00
  +0.00000000000000000000e+00
  +0.00000000000000000000e+00
  +0.00000000000000000000e+00
  +0.00000000000000000000e+00
  +0.00000000000000000000e+00
  +0.00000000000000000000e+00
  +0.00000000000000000000e+00
  +0.00000000000000000000e+00
  +0.00000000000000000000e+00
  +0.00000000000000000000e+00
  +0.00000000000000000000e+00
  +0.00000000000000000000e+00
  +0.00000000000000000000e+00
  +0.00000000000000000000e+00
  +0.00000000000000000000e+00
  +0.00000000000000000000e+00
  +0.00000000000000000000e+00
  +0.00000000000000000000e+00
  +0.00000000000000000000e+00
  +0.00000000000000000000e+00
  +0.00000000000000000000e+00
  +0.00000000000000000000e+00
  +0.00000000000000000000e+00
  +0.00000000000000000000e+00
  +0.00000000000000000000e+00
  +0.00000000000000000000e+00
  +0.00000000000000000000e+00
  +0.00000000000000000000e+00
  +0.00000000000000000000e+00
  +0.00000000000000000000e+00
  +0.00000000000000000000e+00
  +0.00000000000000000000e+00
  +0.00000000000000000000e+00
  +0.00000000000000000000e+00
  +0.00000000000000000000e+00
  +0.00000000000000000000e+00
  +0.00000000000000000000e+00
  +0.00000000000000000000e+00
  +0.00000000000000000000e+00
  +0.00000000000000000000e+00
  +0.00000000000000000000e+00
  +0.00000000000000000000e+00
  +0.00000000000000000000e+00
  +0.00000000000000000000e+00
  +0.00000000000000000000e+00
  +0.00000000000000000000e+00
  +0.00000000000000000000e+00
  +0.00000000000000000000e+00
  +0.00000000000000000000e+00
  +0.00000000000000000000e+00
  +0.00000000000000000000e+00
  +0.00000000000000000000e+00
  +0.00000000000000000000e+00
  +0.00000000000000000000e+00
  +0.00000000000000000000e+00
  +0.00000000000000000000e+00
  +0.00000000000000000000e+00
  +0.00000000000000000000e+00
  +0.00000000000000000000e+00
  +0.00000000000000000000e+00
  +0.00000000000000000000e+00
  +0.00000000000000000000e+00
  +0.00000000000000000000e+00
  +0.00000000000000000000e+00
  +0.00000000000000000000e+00
  +0.00000000000000000000e+00
  +0.00000000000000000000e+00
  +0.00000000000000000000e+00
  +0.00000000000000000000e+00
  +0.00000000000000000000e+00
  +0.00000000000000000000e+00
  +0.00000000000000000000e+00
  +0.00000000000000000000e+00
  +0.00000000000000000000e+00
  +0.00000000000000000000e+00
  +0.00000000000000000000e+00
  +0.00000000000000000000e+00
  +0.00000000000000000000e+00
  +0.00000000000000000000e+00
  +0.00000000000000000000e+00
  +0.00000000000000000000e+00
  +0.00000000000000000000e+00
  +0.00000000000000000000e+00
  +0.00000000000000000000e+00
  +0.00000000000000000000e+00
  +0.00000000000000000000e+00
  +0.00000000000000000000e+00
  +0.00000000000000000000e+00
  +0.00000000000000000000e+00
  +0.00000000000000000000e+00
  +0.00000000000000000000e+00
  +0.00000000000000000000e+00
  +0.00000000000000000000e+00
  +0.00000000000000000000e+00
  +0.00000000000000000000e+00
  +0.00000000000000000000e+00
  +0.00000000000000000000e+00
  +0.00000000000000000000e+00
  +0.00000000000000000000e+00
  +0.00000000000000000000e+00
  +0.00000000000000000000e+00
  +0.00000000000000000000e+00
  +0.00000000000000000000e+00
  +0.00000000000000000000e+00
  +0.00000000000000000000e+00
  +0.00000000000000000000e+00
  +0.00000000000000000000e+00
  +0.00000000000000000000e+00
  +0.00000000000000000000e+00
  +0.00000000000000000000e+00
  +0.00000000000000000000e+00
  +0.00000000000000000000e+00
  +0.00000000000000000000e+00
  +0.00000000000000000000e+00
  +0.00000000000000000000e+00
  +0.00000000000000000000e+00
  +0.00000000000000000000e+00
  +0.00000000000000000000e+00
</dep>
<dep V2.It time>
  +0.00000000000000000000e+00
  +0.00000000000000000000e+00
  +0.00000000000000000000e+00
  +0.00000000000000000000e+00
  +0.00000000000000000000e+00
  +0.00000000000000000000e+00
  +0.00000000000000000000e+00
  +0.00000000000000000000e+00
  +0.00000000000000000000e+00
  +0.00000000000000000000e+00
  +0.00000000000000000000e+00
  +0.00000000000000000000e+00
  +0.00000000000000000000e+00
  +0.00000000000000000000e+00
  +0.00000000000000000000e+00
  +0.00000000000000000000e+00
  +0.00000000000000000000e+00
  +0.00000000000000000000e+00
  +0.00000000000000000000e+00
  +0.00000000000000000000e+00
  +0.00000000000000000000e+00
  +0.00000000000000000000e+00
  +0.00000000000000000000e+00
  +0.00000000000000000000e+00
  +0.00000000000000000000e+00
  +0.00000000000000000000e+00
  +0.00000000000000000000e+00
  +0.00000000000000000000e+00
  +0.00000000000000000000e+00
  +0.00000000000000000000e+00
  +0.00000000000000000000e+00
  +0.00000000000000000000e+00
  +0.00000000000000000000e+00
  +0.00000000000000000000e+00
  +0.00000000000000000000e+00
  +0.00000000000000000000e+00
  +0.00000000000000000000e+00
  +0.00000000000000000000e+00
  +0.00000000000000000000e+00
  +0.00000000000000000000e+00
  +0.00000000000000000000e+00
  +0.00000000000000000000e+00
  +0.00000000000000000000e+00
  +0.00000000000000000000e+00
  +0.00000000000000000000e+00
  +0.00000000000000000000e+00
  +0.00000000000000000000e+00
  +0.00000000000000000000e+00
  +0.00000000000000000000e+00
  +0.00000000000000000000e+00
  +0.00000000000000000000e+00
  +0.00000000000000000000e+00
  +0.00000000000000000000e+00
  +0.00000000000000000000e+00
  +0.00000000000000000000e+00
  +0.00000000000000000000e+00
  +0.00000000000000000000e+00
  +0.00000000000000000000e+00
  +0.00000000000000000000e+00
  +0.00000000000000000000e+00
  +0.00000000000000000000e+00
  +0.00000000000000000000e+00
  +0.00000000000000000000e+00
  +0.00000000000000000000e+00
  +0.00000000000000000000e+00
  +0.00000000000000000000e+00
  +0.00000000000000000000e+00
  +0.00000000000000000000e+00
  +0.00000000000000000000e+00
  +0.00000000000000000000e+00
  +0.00000000000000000000e+00
  +0.00000000000000000000e+00
  +0.00000000000000000000e+00
  +0.00000000000000000000e+00
  +0.00000000000000000000e+00
  +0.00000000000000000000e+00
  +0.00000000000000000000e+00
  +0.00000000000000000000e+00
  +0.00000000000000000000e+00
  +0.00000000000000000000e+00
  +0.00000000000000000000e+00
  +0.00000000000000000000e+00
  +0.00000000000000000000e+00
  +0.00000000000000000000e+00
  +0.00000000000000000000e+00
  +0.00000000000000000000e+00
  +0.00000000000000000000e+00
  +0.00000000000000000000e+00
  +0.00000000000000000000e+00
  +0.00000000000000000000e+00
  +0.00000000000000000000e+00
  +0.00000000000000000000e+00
  +0.00000000000000000000e+00
  +0.00000000000000000000e+00
  +0.00000000000000000000e+00
  +0.00000000000000000000e+00
  +0.00000000000000000000e+00
  +0.00000000000000000000e+00
  +0.00000000000000000000e+00
  +0.00000000000000000000e+00
  +0.00000000000000000000e+00
  +0.00000000000000000000e+00
  +0.00000000000000000000e+00
  +0.00000000000000000000e+00
  +0.00000000000000000000e+00
  +0.00000000000000000000e+00
  +0.00000000000000000000e+00
  +0.00000000000000000000e+00
  +0.00000000000000000000e+00
  +0.00000000000000000000e+00
  +0.00000000000000000000e+00
  +0.00000000000000000000e+00
  +0.00000000000000000000e+00
  +0.00000000000000000000e+00
  +0.00000000000000000000e+00
  +0.00000000000000000000e+00
  +0.00000000000000000000e+00
  +0.00000000000000000000e+00
  +0.00000000000000000000e+00
  +0.00000000000000000000e+00
  +0.00000000000000000000e+00
  +0.00000000000000000000e+00
  +0.00000000000000000000e+00
  +0.00000000000000000000e+00
  +0.00000000000000000000e+00
  +0.00000000000000000000e+00
  +0.00000000000000000000e+00
  +0.00000000000000000000e+00
  +0.00000000000000000000e+00
  +0.00000000000000000000e+00
  +0.00000000000000000000e+00
  +0.00000000000000000000e+00
  +0.00000000000000000000e+00
  +0.00000000000000000000e+00
  +0.00000000000000000000e+00
  +0.00000000000000000000e+00
  +0.00000000000000000000e+00
  +0.00000000000000000000e+00
  +0.00000000000000000000e+00
  +0.00000000000000000000e+00
  +0.00000000000000000000e+00
  +0.00000000000000000000e+00
  +0.00000000000000000000e+00
  +0.00000000000000000000e+00
  +0.00000000000000000000e+00
  +0.00000000000000000000e+00
  +0.00000000000000000000e+00
  +0.00000000000000000000e+00
  +0.00000000000000000000e+00
  +0.00000000000000000000e+00
  +0.00000000000000000000e+00
  +0.00000000000000000000e+00
  +0.00000000000000000000e+00
  +0.00000000000000000000e+00
  +0.00000000000000000000e+00
  +0.00000000000000000000e+00
  +0.00000000000000000000e+00
  +0.00000000000000000000e+00
  +0.00000000000000000000e+00
  +0.00000000000000000000e+00
  +0.00000000000000000000e+00
  +0.00000000000000000000e+00
  +0.00000000000000000000e+00
  +0.00000000000000000000e+00
  +0.00000000000000000000e+00
  +0.00000000000000000000e+00
  +0.00000000000000000000e+00
  +0.00000000000000000000e+00
  +0.00000000000000000000e+00
  +0.00000000000000000000e+00
  +0.00000000000000000000e+00
  +0.00000000000000000000e+00
  +0.00000000000000000000e+00
  +0.00000000000000000000e+00
  +0.00000000000000000000e+00
  +0.00000000000000000000e+00
  +0.00000000000000000000e+00
  +0.00000000000000000000e+00
  +0.00000000000000000000e+00
  +0.00000000000000000000e+00
  +0.00000000000000000000e+00
  +0.00000000000000000000e+00
  +0.00000000000000000000e+00
  +0.00000000000000000000e+00
  +0.00000000000000000000e+00
  +0.00000000000000000000e+00
  +0.00000000000000000000e+00
  +0.00000000000000000000e+00
  +0.00000000000000000000e+00
  +0.00000000000000000000e+00
  +0.00000000000000000000e+00
  +0.00000000000000000000e+00
  +0.00000000000000000000e+00
  +0.00000000000000000000e+00
  +0.00000000000000000000e+00
  +0.00000000000000000000e+00
  +0.00000000000000000000e+00
  +0.00000000000000000000e+00
  +0.00000000000000000000e+00
  +0.00000000000000000000e+00
  +0.00000000000000000000e+00
</dep>
<dep Uin.Vt time>
  +1.00000000000000000000e+00
  +1.03139525976465673551e+00
  +1.06266661678215212916e+00
  +1.09369065729286241151e+00
  +1.12434494358242731415e+00
  +1.15450849718747372563e+00
  +1.18406227634233895962e+00
  +1.21288964578253644078e+00
  +1.24087683705085760622e+00
  +1.26791339748949827282e+00
  +1.29389262614623667957e+00
  +1.31871199487434487274e+00
  +1.34227355296434436305e+00
  +1.36448431371070588725e+00
  +1.38525662138789451561e+00
  +1.40450849718747372563e+00
  +1.42216396275100764868e+00
  +1.43815334002193173646e+00
  +1.45241352623300978841e+00
  +1.46488824294412567362e+00
  +1.47552825814757682110e+00
  +1.48429158056431553803e+00
  +1.49114362536434441608e+00
  +1.49605735065723899346e+00
  +1.49901336421413589051e+00
  +1.50000000000000000000e+00
  +1.49901336421413589051e+00
  +1.49605735065723899346e+00
  +1.49114362536434441608e+00
  +1.48429158056431553803e+00
  +1.47552825814757682110e+00
  +1.46488824294412567362e+00
  +1.45241352623300978841e+00
  +1.43815334002193173646e+00
  +1.42216396275100764868e+00
  +1.40450849718747372563e+00
  +1.38525662138789451561e+00
  +1.36448431371070566520e+00
  +1.34227355296434436305e+00
  +1.31871199487434465070e+00
  +1.29389262614623667957e+00
  +1.26791339748949827282e+00
  +1.24087683705085782826e+00
  +1.21288964578253621873e+00
  +1.18406227634233918167e+00
  +1.15450849718747372563e+00
  +1.12434494358242731415e+00
  +1.09369065729286218946e+00
  +1.06266661678215212916e+00
  +1.03139525976465651347e+00
  +1.00000000000000000000e+00
  +9.68604740235343375510e-01
  +9.37333383217847870839e-01
  +9.06309342707137588491e-01
  +8.75655056417572685845e-01
  +8.45491502812526385391e-01
  +8.15937723657661040377e-01
  +7.87110354217463670246e-01
  +7.59123162949142504807e-01
  +7.32086602510501727181e-01
  +7.06107373853763542471e-01
  +6.81288005125655127259e-01
  +6.57726447035655858997e-01
  +6.35515686289294334799e-01
  +6.14743378612105262349e-01
  +5.95491502812526274369e-01
  +5.77836037248992351323e-01
  +5.61846659978068263541e-01
  +5.47586473766990322609e-01
  +5.35111757055874326383e-01
  +5.24471741852423178898e-01
  +5.15708419435684461973e-01
  +5.08856374635655583916e-01
  +5.03942649342761117559e-01
  +5.00986635785864220516e-01
  +5.00000000000000000000e-01
  +5.00986635785864220516e-01
  +5.03942649342761006537e-01
  +5.08856374635655694938e-01
  +5.15708419435684350951e-01
  +5.24471741852423178898e-01
  +5.35111757055874215361e-01
  +5.47586473766990211587e-01
  +5.61846659978068263541e-01
  +5.77836037248992240301e-01
  +5.95491502812526274369e-01
  +6.14743378612105484393e-01
  +6.35515686289294223776e-01
  +6.57726447035655525930e-01
  +6.81288005125655127259e-01
  +7.06107373853763320426e-01
  +7.32086602510501838204e-01
  +7.59123162949142393785e-01
  +7.87110354217463559223e-01
  +8.15937723657661040377e-01
  +8.45491502812526163346e-01
  +8.75655056417572796867e-01
  +9.06309342707137699513e-01
  +9.37333383217848092883e-01
  +9.68604740235342931420e-01
  +9.99999999999999888978e-01
  +1.03139525976465629142e+00
  +1.06266661678215212916e+00
  +1.09369065729286218946e+00
  +1.12434494358242753620e+00
  +1.15450849718747394768e+00
  +1.18406227634233918167e+00
  +1.21288964578253599669e+00
  +1.24087683705085738417e+00
  +1.26791339748949805077e+00
  +1.29389262614623645753e+00
  +1.31871199487434487274e+00
  +1.34227355296434436305e+00
  +1.36448431371070588725e+00
  +1.38525662138789451561e+00
  +1.40450849718747394768e+00
  +1.42216396275100742663e+00
  +1.43815334002193173646e+00
  +1.45241352623300956637e+00
  +1.46488824294412567362e+00
  +1.47552825814757682110e+00
  +1.48429158056431553803e+00
  +1.49114362536434441608e+00
  +1.49605735065723899346e+00
  +1.49901336421413589051e+00
  +1.50000000000000000000e+00
  +1.49901336421413589051e+00
  +1.49605735065723899346e+00
  +1.49114362536434441608e+00
  +1.48429158056431553803e+00
  +1.47552825814757682110e+00
  +1.46488824294412545157e+00
  +1.45241352623300956637e+00
  +1.43815334002193218055e+00
  +1.42216396275100764868e+00
  +1.40450849718747372563e+00
  +1.38525662138789495970e+00
  +1.36448431371070544316e+00
  +1.34227355296434414100e+00
  +1.31871199487434487274e+00
  +1.29389262614623667957e+00
  +1.26791339748949871691e+00
  +1.24087683705085805030e+00
  +1.21288964578253621873e+00
  +1.18406227634233895962e+00
  +1.15450849718747394768e+00
  +1.12434494358242775824e+00
  +1.09369065729286196742e+00
  +1.06266661678215190712e+00
  +1.03139525976465673551e+00
  +1.00000000000000022204e+00
  +9.68604740235343708576e-01
  +9.37333383217848425950e-01
  +9.06309342707137477468e-01
  +8.75655056417572574823e-01
  +8.45491502812526496413e-01
  +8.15937723657660596288e-01
  +7.87110354217463337179e-01
  +7.59123162949143059919e-01
  +7.32086602510501727181e-01
  +7.06107373853763542471e-01
  +6.81288005125655460326e-01
  +6.57726447035656081042e-01
  +6.35515686289294112754e-01
  +6.14743378612105373371e-01
  +5.95491502812526385391e-01
  +5.77836037248992129278e-01
  +5.61846659978068485586e-01
  +5.47586473766990544654e-01
  +5.35111757055874326383e-01
  +5.24471741852423289920e-01
  +5.15708419435684461973e-01
  +5.08856374635655583916e-01
  +5.03942649342761006537e-01
  +5.00986635785864220516e-01
  +5.00000000000000000000e-01
  +5.00986635785864220516e-01
  +5.03942649342761006537e-01
  +5.08856374635655694938e-01
  +5.15708419435684461973e-01
  +5.24471741852423178898e-01
  +5.35111757055874104338e-01
  +5.47586473766990433631e-01
  +5.61846659978068263541e-01
  +5.77836037248992462345e-01
  +5.95491502812526163346e-01
  +6.14743378612105151326e-01
  +6.35515686289293890709e-01
  +6.57726447035655747975e-01
  +6.81288005125655127259e-01
  +7.06107373853763320426e-01
  +7.32086602510502171270e-01
  +7.59123162949142615830e-01
  +7.87110354217463004112e-01
  +8.15937723657660929355e-01
  +8.45491502812526052324e-01
  +8.75655056417573018912e-01
  +9.06309342707137144401e-01
  +9.37333383217847093682e-01
  +9.68604740235342376309e-01
  +9.99999999999999777955e-01
</dep>
<dep _net0.Vt time>
  +1.00000000000000000000e+00
  +1.00000000000000000000e+00
  +1.00000000000000000000e+00
  +1.00000000000000000000e+00
  +9.99999999999999888978e-01
  +1.00000000000000000000e+00
  +1.00000000000000000000e+00
  +1.00000000000000000000e+00
  +1.00000000000000000000e+00
  +1.00000000000000000000e+00
  +1.00000000000000000000e+00
  +1.00000000000000000000e+00
  +1.00000000000000000000e+00
  +1.00000000000000000000e+00
  +9.99999999999999888978e-01
  +1.00000000000000000000e+00
  +1.00000000000000000000e+00
  +1.00000000000000000000e+00
  +1.00000000000000000000e+00
  +1.00000000000000000000e+00
  +1.00000000000000000000e+00
  +1.00000000000000000000e+00
  +1.00000000000000000000e+00
  +1.00000000000000000000e+00
  +1.00000000000000000000e+00
  +1.00000000000000000000e+00
  +1.00000000000000000000e+00
  +1.00000000000000000000e+00
  +1.00000000000000000000e+00
  +1.00000000000000000000e+00
  +1.00000000000000000000e+00
  +1.00000000000000000000e+00
  +1.00000000000000000000e+00
  +1.00000000000000000000e+00
  +1.00000000000000000000e+00
  +1.00000000000000000000e+00
  +9.99999999999999888978e-01
  +1.00000000000000000000e+00
  +1.00000000000000000000e+00
  +9.99999999999999888978e-01
  +1.00000000000000000000e+00
  +1.00000000000000000000e+00
  +1.00000000000000000000e+00
  +1.00000000000000000000e+00
  +1.00000000000000000000e+00
  +1.00000000000000000000e+00
  +9.99999999999999888978e-01
  +9.99999999999999888978e-01
  +1.00000000000000000000e+00
  +1.00000000000000000000e+00
  +9.99999999999999888978e-01
  +1.00000000000000000000e+00
  +1.00000000000000000000e+00
  +1.00000000000000000000e+00
  +1.00000000000000000000e+00
  +1.00000000000000000000e+00
  +1.00000000000000000000e+00
  +1.00000000000000000000e+00
  +1.00000000000000000000e+00
  +1.00000000000000000000e+00
  +1.00000000000000000000e+00
  +1.00000000000000000000e+00
  +1.00000000000000000000e+00
  +1.00000000000000000000e+00
  +1.00000000000000000000e+00
  +1.00000000000000000000e+00
  +1.00000000000000000000e+00
  +1.00000000000000000000e+00
  +1.00000000000000000000e+00
  +1.00000000000000000000e+00
  +1.00000000000000000000e+00
  +1.00000000000000000000e+00
  +1.00000000000000000000e+00
  +1.00000000000000000000e+00
  +1.00000000000000000000e+00
  +1.00000000000000000000e+00
  +1.00000000000000000000e+00
  +1.00000000000000000000e+00
  +1.00000000000000000000e+00
  +1.00000000000000000000e+00
  +1.00000000000000000000e+00
  +1.00000000000000000000e+00
  +1.00000000000000000000e+00
  +1.00000000000000000000e+00
  +1.00000000000000000000e+00
  +1.00000000000000000000e+00
  +1.00000000000000000000e+00
  +1.00000000000000000000e+00
  +1.00000000000000000000e+00
  +1.00000000000000000000e+00
  +1.00000000000000000000e+00
  +1.00000000000000000000e+00
  +1.00000000000000000000e+00
  +1.00000000000000000000e+00
  +1.00000000000000000000e+00
  +1.00000000000000000000e+00
  +1.00000000000000000000e+00
  +1.00000000000000000000e+00
  +1.00000000000000000000e+00
  +1.00000000000000000000e+00
  +1.00000000000000000000e+00
  +9.99999999999999888978e-01
  +1.00000000000000000000e+00
  +1.00000000000000000000e+00
  +1.00000000000000000000e+00
  +1.00000000000000000000e+00
  +1.00000000000000000000e+00
  +1.00000000000000000000e+00
  +1.00000000000000000000e+00
  +1.00000000000000000000e+00
  +1.00000000000000000000e+00
  +1.00000000000000000000e+00
  +1.00000000000000000000e+00
  +1.00000000000000000000e+00
  +9.99999999999999888978e-01
  +1.00000000000000000000e+00
  +1.00000000000000000000e+00
  +1.00000000000000000000e+00
  +9.99999999999999888978e-01
  +1.00000000000000000000e+00
  +1.00000000000000000000e+00
  +1.00000000000000000000e+00
  +1.00000000000000000000e+00
  +1.00000000000000000000e+00
  +1.00000000000000000000e+00
  +1.00000000000000000000e+00
  +1.00000000000000000000e+00
  +1.00000000000000000000e+00
  +1.00000000000000000000e+00
  +1.00000000000000000000e+00
  +1.00000000000000000000e+00
  +1.00000000000000000000e+00
  +1.00000000000000000000e+00
  +1.00000000000000000000e+00
  +1.00000000000000000000e+00
  +9.99999999999999888978e-01
  +1.00000000000000000000e+00
  +1.00000000000000000000e+00
  +1.00000000000000000000e+00
  +1.00000000000000000000e+00
  +1.00000000000000000000e+00
  +1.00000000000000000000e+00
  +1.00000000000000000000e+00
  +1.00000000000000000000e+00
  +1.00000000000000000000e+00
  +1.00000000000000000000e+00
  +1.00000000000000000000e+00
  +1.00000000000000000000e+00
  +1.00000000000000000000e+00
  +1.00000000000000000000e+00
  +1.00000000000000000000e+00
  +1.00000000000000000000e+00
  +1.00000000000000000000e+00
  +1.00000000000000000000e+00
  +1.00000000000000000000e+00
  +1.00000000000000000000e+00
  +1.00000000000000000000e+00
  +1.00000000000000000000e+00
  +1.00000000000000000000e+00
  +1.00000000000000000000e+00
  +1.00000000000000000000e+00
  +1.00000000000000000000e+00
  +1.00000000000000000000e+00
  +1.00000000000000000000e+00
  +1.00000000000000000000e+00
  +1.00000000000000000000e+00
  +1.00000000000000000000e+00
  +1.00000000000000000000e+00
  +1.00000000000000000000e+00
  +1.00000000000000000000e+00
  +1.00000000000000000000e+00
  +1.00000000000000000000e+00
  +1.00000000000000000000e+00
  +1.00000000000000000000e+00
  +1.00000000000000000000e+00
  +1.00000000000000000000e+00
  +1.00000000000000000000e+00
  +1.00000000000000000000e+00
  +1.00000000000000000000e+00
  +1.00000000000000000000e+00
  +1.00000000000000000000e+00
  +1.00000000000000000000e+00
  +1.00000000000000000000e+00
  +1.00000000000000000000e+00
  +1.00000000000000000000e+00
  +1.00000000000000000000e+00
  +1.00000000000000000000e+00
  +1.00000000000000000000e+00
  +1.00000000000000000000e+00
  +1.00000000000000000000e+00
  +1.00000000000000000000e+00
  +1.00000000000000000000e+00
  +1.00000000000000000000e+00
  +1.00000000000000000000e+00
  +1.00000000000000000000e+00
  +1.00000000000000000000e+00
  +1.00000000000000000000e+00
  +1.00000000000000000000e+00
  +1.00000000000000000000e+00
  +1.00000000000000000000e+00
  +1.00000000000000000000e+00
</dep>
<dep Uut.Vt time>
  +9.99994988152782426916e-01
  +1.03089105304192329982e+00
  +1.06216521701518695764e+00
  +1.09319399184337129327e+00
  +1.12385495129717960516e+00
  +1.15402709091397648322e+00
  +1.18359133530339333262e+00
  +1.21243100810079318386e+00
  +1.24043229244895014673e+00
  +1.26748468019153159858e+00
  +1.29348140800630462266e+00
  +1.31831987875737755012e+00
  +1.34190206640400933047e+00
  +1.36413490286830718645e+00
  +1.38493064533527343585e+00
  +1.40420722253582086481e+00
  +1.42188855864629148940e+00
  +1.43790487352629692275e+00
  +1.45219295811007786945e+00
  +1.46469642386460119354e+00
  +1.47536592532994959015e+00
  +1.48415935486378081087e+00
  +1.49104200882132253980e+00
  +1.49598672451508551973e+00
  +1.49897398741380016851e+00
  +1.49999196497653874971e+00
  +1.49903674786323182211e+00
  +1.49611202106187946015e+00
  +1.49122934995111977585e+00
  +1.48440799993758054676e+00
  +1.47567489340454560676e+00
  +1.46506449551882700355e+00
  +1.45261868077898137486e+00
  +1.43838656710299250818e+00
  +1.42242432214833325332e+00
  +1.40479494160164630756e+00
  +1.38556800057429430062e+00
  +1.36481937901844485594e+00
  +1.34263096226426470459e+00
  +1.31909031785575137086e+00
  +1.29429034996169067817e+00
  +1.26832893272533109297e+00
  +1.24130852399986268964e+00
  +1.21333576099407269844e+00
  +1.18452103942400710501e+00
  +1.15497807783150729932e+00
  +1.12482346878908412435e+00
  +1.09417621876229809175e+00
  +1.06315727844560736770e+00
  +1.03188906542523639587e+00
  +1.00049498105288958705e+00
  +9.69098923436990444813e-01
  +9.37824798473455456538e-01
  +9.06796030845726908076e-01
  +8.76135076923935662840e-01
  +8.45962941485553732157e-01
  +8.16398700164818968972e-01
  +7.87559029515607300631e-01
  +7.59557746542379064181e-01
  +7.32505359516459897407e-01
  +7.06508631850381485506e-01
  +6.81670160751465914473e-01
  +6.58087972317523806076e-01
  +6.35855134672625554870e-01
  +6.15059390669738692559e-01
  +5.95782811609771423278e-01
  +5.78101473343641591995e-01
  +5.62085156035650901352e-01
  +5.47797068773054340873e-01
  +5.35293600108671108195e-01
  +5.24624095521028510625e-01
  +5.15830662670300532646e-01
  +5.08948005218611942979e-01
  +5.04003285870537443003e-01
  +5.01016019174316373785e-01
  +4.99997994506846510365e-01
  +5.00953229546398981498e-01
  +5.03877954416678264238e-01
  +5.08760626564801032856e-01
  +5.15581976314478773737e-01
  +5.24315082914628693977e-01
  +5.34925480783276285912e-01
  +5.47371295527463885833e-01
  +5.61603409202348413665e-01
  +5.77565654157288332904e-01
  +5.95195034703903780304e-01
  +6.14421975731274550014e-01
  +6.35170597287119220731e-01
  +6.57359014041300482312e-01
  +6.80899658449813371952e-01
  +7.05699626343874508727e-01
  +7.31661043580233871886e-01
  +7.58681452305702497263e-01
  +7.86654215311491933349e-01
  +8.15468936881557970864e-01
  +8.45011898474057443487e-01
  +8.75166507516480618456e-01
  +9.05813757543266762084e-01
  +9.36832697859957486131e-01
  +9.68100910880327902852e-01
  +9.99494995252675266784e-01
  +1.03089105286857396493e+00
  +1.06216517783210950832e+00
  +1.09319394545983827882e+00
  +1.12385489938162952406e+00
  +1.15402703482001123270e+00
  +1.18359127614074588486e+00
  +1.21243094678995699809e+00
  +1.24043222976318556761e+00
  +1.26748461678910451234e+00
  +1.29348134445518336832e+00
  +1.31831981555409893936e+00
  +1.34190200398804115878e+00
  +1.36413484163293952101e+00
  +1.38493058563582582821e+00
  +1.40420716469579343055e+00
  +1.42188850296192281775e+00
  +1.43790482026991384146e+00
  +1.45219290753251062398e+00
  +1.46469637619689385666e+00
  +1.47536588078453623218e+00
  +1.48415931363526421016e+00
  +1.49104197108695268881e+00
  +1.49598669043502763287e+00
  +1.49897395713124836902e+00
  +1.49999198179871839898e+00
  +1.49903674730021663208e+00
  +1.49611202225295070178e+00
  +1.49122934354711378369e+00
  +1.48440799306534754187e+00
  +1.47567488460211948542e+00
  +1.46506448401006861282e+00
  +1.45261866589635713076e+00
  +1.43838654837633139749e+00
  +1.42242429923727620178e+00
  +1.40479491427794211944e+00
  +1.38556796869918508186e+00
  +1.36481934252728343004e+00
  +1.34263092115389026659e+00
  +1.31909027217469487780e+00
  +1.29429029980236842690e+00
  +1.26832887821780926352e+00
  +1.24130846530679805895e+00
  +1.21333569830656773370e+00
  +1.18452097295814118283e+00
  +1.15497800782539195019e+00
  +1.12482339550030308040e+00
  +1.09417614246563954516e+00
  +1.06315719943101716360e+00
  +1.03188898399592310362e+00
  +1.00049489752355214023e+00
  +9.69098838132131268353e-01
  +9.37824711725754434077e-01
  +9.06795942994462200737e-01
  +8.76134988313441498420e-01
  +8.45962852463699732652e-01
  +8.16398611081514236076e-01
  +7.87558940721327926937e-01
  +7.59557658386709189102e-01
  +7.32505272346653857340e-01
  +7.06508546009953830591e-01
  +6.81670076578799299938e-01
  +6.58087890144506748591e-01
  +6.35855054823324272739e-01
  +6.15059313459102363630e-01
  +5.95782737342375412481e-01
  +5.78101402312477641310e-01
  +5.62085088520964171188e-01
  +5.47797005041229523314e-01
  +5.35293540411179047389e-01
  +5.24624040093429555576e-01
  +5.15830611731312727031e-01
  +5.08947958969245051186e-01
  +5.04003244493299029649e-01
  +5.01015982832489936705e-01
  +4.99997994084262431524e-01
  +5.00953229832851176795e-01
  +5.03877951437978310878e-01
  +5.08760620578475375453e-01
  +5.15581967534604834746e-01
  +5.24315071523440701107e-01
  +5.34925466940095795110e-01
  +5.47371279375547969970e-01
  +5.61603390874116592535e-01
  +5.77565633778292730760e-01
  +5.95195012395810074679e-01
  +6.14421951614080197324e-01
  +6.35170571480768275663e-01
  +6.57358986666830014123e-01
  +6.80899629630127511959e-01
  +7.05699596204235390928e-01
  +7.31661012248519426748e-01
  +7.58681419912484167334e-01
  +7.86654181989972389744e-01
  +8.15468902767398584608e-01
  +8.45011863705111276879e-01
  +8.75166472232460246339e-01
  +9.05813721885354694585e-01
  +9.36832661970377733596e-01
  +9.68100874901882235690e-01
  +9.99494959328254273245e-01
</dep>
<indep V1.I 1>
  +0.00000000000000000000e+00
</indep>
<indep V2.I 1>
  +0.00000000000000000000e+00
</indep>
<indep Uin.V 1>
  +1.00000000000000000000e+00
</indep>
<indep _net0.V 1>
  +1.00000000000000000000e+00
</indep>
<indep Uut.V 1>
  +9.99994988152782426916e-01
</indep>
