<Qucs Dataset 0.0.19>
<indep time 401>
  +0.00000000000000000000e+00
  +5.00000000000000040902e-06
  +1.00000000000000008180e-05
  +1.50000000000000020741e-05
  +2.00000000000000016361e-05
  +2.50000000000000011980e-05
  +3.00000000000000041482e-05
  +3.50000000000000037101e-05
  +4.00000000000000032721e-05
  +4.50000000000000028341e-05
  +5.00000000000000023961e-05
  +5.50000000000000019581e-05
  +6.00000000000000082963e-05
  +6.50000000000000078583e-05
  +7.00000000000000074203e-05
  +7.50000000000000069823e-05
  +8.00000000000000065442e-05
  +8.50000000000000061062e-05
  +9.00000000000000056682e-05
  +9.50000000000000052302e-05
  +1.00000000000000004792e-04
  +1.05000000000000004354e-04
  +1.10000000000000003916e-04
  +1.15000000000000003478e-04
  +1.20000000000000016593e-04
  +1.25000000000000002602e-04
  +1.30000000000000015717e-04
  +1.35000000000000001726e-04
  +1.40000000000000014841e-04
  +1.45000000000000000850e-04
  +1.50000000000000013965e-04
  +1.54999999999999999974e-04
  +1.60000000000000013088e-04
  +1.65000000000000026203e-04
  +1.70000000000000012212e-04
  +1.75000000000000025327e-04
  +1.80000000000000011336e-04
  +1.85000000000000024451e-04
  +1.90000000000000010460e-04
  +1.95000000000000023575e-04
  +2.00000000000000009584e-04
  +2.05000000000000022699e-04
  +2.10000000000000008708e-04
  +2.15000000000000021823e-04
  +2.20000000000000007832e-04
  +2.25000000000000020947e-04
  +2.30000000000000006956e-04
  +2.35000000000000020071e-04
  +2.40000000000000033185e-04
  +2.45000000000000046300e-04
  +2.50000000000000005204e-04
  +2.55000000000000018319e-04
  +2.60000000000000031433e-04
  +2.65000000000000044548e-04
  +2.70000000000000003452e-04
  +2.75000000000000016567e-04
  +2.80000000000000029681e-04
  +2.85000000000000042796e-04
  +2.90000000000000001700e-04
  +2.95000000000000014815e-04
  +3.00000000000000027929e-04
  +3.05000000000000041044e-04
  +3.09999999999999999948e-04
  +3.15000000000000013062e-04
  +3.20000000000000026177e-04
  +3.25000000000000039291e-04
  +3.30000000000000052406e-04
  +3.35000000000000011310e-04
  +3.40000000000000024425e-04
  +3.45000000000000037539e-04
  +3.50000000000000050654e-04
  +3.55000000000000009558e-04
  +3.60000000000000022673e-04
  +3.65000000000000035787e-04
  +3.70000000000000048902e-04
  +3.75000000000000007806e-04
  +3.80000000000000020921e-04
  +3.85000000000000034035e-04
  +3.90000000000000047150e-04
  +3.95000000000000006054e-04
  +4.00000000000000019169e-04
  +4.05000000000000032283e-04
  +4.10000000000000045398e-04
  +4.15000000000000058512e-04
  +4.20000000000000017417e-04
  +4.25000000000000030531e-04
  +4.30000000000000043646e-04
  +4.35000000000000056760e-04
  +4.40000000000000015665e-04
  +4.45000000000000028779e-04
  +4.50000000000000041894e-04
  +4.55000000000000055008e-04
  +4.60000000000000013912e-04
  +4.65000000000000027027e-04
  +4.70000000000000040142e-04
  +4.75000000000000053256e-04
  +4.80000000000000066371e-04
  +4.85000000000000025275e-04
  +4.90000000000000092600e-04
  +4.94999999999999997294e-04
  +5.00000000000000010408e-04
  +5.05000000000000023523e-04
  +5.10000000000000036637e-04
  +5.15000000000000049752e-04
  +5.20000000000000062866e-04
  +5.25000000000000075981e-04
  +5.30000000000000089095e-04
  +5.34999999999999993790e-04
  +5.40000000000000006904e-04
  +5.45000000000000020019e-04
  +5.50000000000000033133e-04
  +5.55000000000000046248e-04
  +5.60000000000000059362e-04
  +5.65000000000000072477e-04
  +5.70000000000000085591e-04
  +5.75000000000000098706e-04
  +5.80000000000000003400e-04
  +5.85000000000000016515e-04
  +5.90000000000000029629e-04
  +5.95000000000000042744e-04
  +6.00000000000000055858e-04
  +6.05000000000000068973e-04
  +6.10000000000000082087e-04
  +6.15000000000000095202e-04
  +6.19999999999999999896e-04
  +6.25000000000000013010e-04
  +6.30000000000000026125e-04
  +6.35000000000000039239e-04
  +6.40000000000000052354e-04
  +6.45000000000000065468e-04
  +6.50000000000000078583e-04
  +6.55000000000000091697e-04
  +6.60000000000000104812e-04
  +6.65000000000000009506e-04
  +6.70000000000000022621e-04
  +6.75000000000000035735e-04
  +6.80000000000000048850e-04
  +6.85000000000000061964e-04
  +6.90000000000000075079e-04
  +6.95000000000000088193e-04
  +7.00000000000000101308e-04
  +7.05000000000000006002e-04
  +7.10000000000000019117e-04
  +7.15000000000000032231e-04
  +7.20000000000000045346e-04
  +7.25000000000000058460e-04
  +7.30000000000000071575e-04
  +7.35000000000000084689e-04
  +7.40000000000000097804e-04
  +7.45000000000000110918e-04
  +7.50000000000000015613e-04
  +7.55000000000000028727e-04
  +7.60000000000000041842e-04
  +7.65000000000000054956e-04
  +7.70000000000000068071e-04
  +7.75000000000000081185e-04
  +7.80000000000000094300e-04
  +7.85000000000000107414e-04
  +7.90000000000000012108e-04
  +7.95000000000000025223e-04
  +8.00000000000000038337e-04
  +8.05000000000000051452e-04
  +8.10000000000000064566e-04
  +8.15000000000000077681e-04
  +8.20000000000000090795e-04
  +8.25000000000000103910e-04
  +8.30000000000000117024e-04
  +8.35000000000000021719e-04
  +8.40000000000000034833e-04
  +8.45000000000000047948e-04
  +8.50000000000000061062e-04
  +8.55000000000000074177e-04
  +8.60000000000000087291e-04
  +8.65000000000000100406e-04
  +8.70000000000000113520e-04
  +8.75000000000000018215e-04
  +8.80000000000000031329e-04
  +8.85000000000000044444e-04
  +8.90000000000000057558e-04
  +8.95000000000000070673e-04
  +9.00000000000000083787e-04
  +9.05000000000000096902e-04
  +9.10000000000000110016e-04
  +9.15000000000000123131e-04
  +9.20000000000000027825e-04
  +9.25000000000000040939e-04
  +9.30000000000000054054e-04
  +9.35000000000000067168e-04
  +9.40000000000000080283e-04
  +9.45000000000000093398e-04
  +9.50000000000000106512e-04
  +9.55000000000000119627e-04
  +9.60000000000000132741e-04
  +9.65000000000000037435e-04
  +9.70000000000000050550e-04
  +9.75000000000000063664e-04
  +9.80000000000000185199e-04
  +9.84999999999999981473e-04
  +9.89999999999999994588e-04
  +9.95000000000000007702e-04
  +1.00000000000000002082e-03
  +1.00500000000000003393e-03
  +1.01000000000000004705e-03
  +1.01500000000000006016e-03
  +1.02000000000000007327e-03
  +1.02500000000000008639e-03
  +1.03000000000000009950e-03
  +1.03500000000000011262e-03
  +1.04000000000000012573e-03
  +1.04500000000000013885e-03
  +1.05000000000000015196e-03
  +1.05500000000000016508e-03
  +1.06000000000000017819e-03
  +1.06500000000000019131e-03
  +1.06999999999999998758e-03
  +1.07500000000000000069e-03
  +1.08000000000000001381e-03
  +1.08500000000000002692e-03
  +1.09000000000000004004e-03
  +1.09500000000000005315e-03
  +1.10000000000000006627e-03
  +1.10500000000000007938e-03
  +1.11000000000000009250e-03
  +1.11500000000000010561e-03
  +1.12000000000000011872e-03
  +1.12500000000000013184e-03
  +1.13000000000000014495e-03
  +1.13500000000000015807e-03
  +1.14000000000000017118e-03
  +1.14500000000000018430e-03
  +1.15000000000000019741e-03
  +1.15499999999999999369e-03
  +1.16000000000000000680e-03
  +1.16500000000000001991e-03
  +1.17000000000000003303e-03
  +1.17500000000000004614e-03
  +1.18000000000000005926e-03
  +1.18500000000000007237e-03
  +1.19000000000000008549e-03
  +1.19500000000000009860e-03
  +1.20000000000000011172e-03
  +1.20500000000000012483e-03
  +1.21000000000000013795e-03
  +1.21500000000000015106e-03
  +1.22000000000000016417e-03
  +1.22500000000000017729e-03
  +1.23000000000000019040e-03
  +1.23500000000000020352e-03
  +1.23999999999999999979e-03
  +1.24500000000000001291e-03
  +1.25000000000000002602e-03
  +1.25500000000000003914e-03
  +1.26000000000000005225e-03
  +1.26500000000000006536e-03
  +1.27000000000000007848e-03
  +1.27500000000000009159e-03
  +1.28000000000000010471e-03
  +1.28500000000000011782e-03
  +1.29000000000000013094e-03
  +1.29500000000000014405e-03
  +1.30000000000000015717e-03
  +1.30500000000000017028e-03
  +1.31000000000000018339e-03
  +1.31500000000000019651e-03
  +1.32000000000000020962e-03
  +1.32500000000000000590e-03
  +1.33000000000000001901e-03
  +1.33500000000000003213e-03
  +1.34000000000000004524e-03
  +1.34500000000000005836e-03
  +1.35000000000000007147e-03
  +1.35500000000000008459e-03
  +1.36000000000000009770e-03
  +1.36500000000000011081e-03
  +1.37000000000000012393e-03
  +1.37500000000000013704e-03
  +1.38000000000000015016e-03
  +1.38500000000000016327e-03
  +1.39000000000000017639e-03
  +1.39500000000000018950e-03
  +1.40000000000000020262e-03
  +1.40500000000000021573e-03
  +1.41000000000000001200e-03
  +1.41500000000000002512e-03
  +1.42000000000000003823e-03
  +1.42500000000000005135e-03
  +1.43000000000000006446e-03
  +1.43500000000000007758e-03
  +1.44000000000000009069e-03
  +1.44500000000000010381e-03
  +1.45000000000000011692e-03
  +1.45500000000000013003e-03
  +1.46000000000000014315e-03
  +1.46500000000000015626e-03
  +1.47000000000000016938e-03
  +1.47500000000000018249e-03
  +1.48000000000000019561e-03
  +1.48500000000000020872e-03
  +1.49000000000000022184e-03
  +1.49500000000000001811e-03
  +1.50000000000000003123e-03
  +1.50500000000000004434e-03
  +1.51000000000000005745e-03
  +1.51500000000000007057e-03
  +1.52000000000000008368e-03
  +1.52500000000000009680e-03
  +1.53000000000000010991e-03
  +1.53500000000000012303e-03
  +1.54000000000000013614e-03
  +1.54500000000000014926e-03
  +1.55000000000000016237e-03
  +1.55500000000000017548e-03
  +1.56000000000000018860e-03
  +1.56500000000000020171e-03
  +1.57000000000000021483e-03
  +1.57500000000000022794e-03
  +1.58000000000000002422e-03
  +1.58500000000000003733e-03
  +1.59000000000000005045e-03
  +1.59500000000000006356e-03
  +1.60000000000000007667e-03
  +1.60500000000000008979e-03
  +1.61000000000000010290e-03
  +1.61500000000000011602e-03
  +1.62000000000000012913e-03
  +1.62500000000000014225e-03
  +1.63000000000000015536e-03
  +1.63500000000000016848e-03
  +1.64000000000000018159e-03
  +1.64500000000000019471e-03
  +1.65000000000000020782e-03
  +1.65500000000000022093e-03
  +1.66000000000000023405e-03
  +1.66500000000000003032e-03
  +1.67000000000000004344e-03
  +1.67500000000000005655e-03
  +1.68000000000000006967e-03
  +1.68500000000000008278e-03
  +1.69000000000000009590e-03
  +1.69500000000000010901e-03
  +1.70000000000000012212e-03
  +1.70500000000000013524e-03
  +1.71000000000000014835e-03
  +1.71500000000000016147e-03
  +1.72000000000000017458e-03
  +1.72500000000000018770e-03
  +1.73000000000000020081e-03
  +1.73500000000000021393e-03
  +1.74000000000000022704e-03
  +1.74500000000000024016e-03
  +1.75000000000000003643e-03
  +1.75500000000000004954e-03
  +1.76000000000000006266e-03
  +1.76500000000000007577e-03
  +1.77000000000000008889e-03
  +1.77500000000000010200e-03
  +1.78000000000000011512e-03
  +1.78500000000000012823e-03
  +1.79000000000000014135e-03
  +1.79500000000000015446e-03
  +1.80000000000000016757e-03
  +1.80500000000000018069e-03
  +1.81000000000000019380e-03
  +1.81500000000000020692e-03
  +1.82000000000000022003e-03
  +1.82500000000000023315e-03
  +1.83000000000000024626e-03
  +1.83500000000000004254e-03
  +1.84000000000000005565e-03
  +1.84500000000000006876e-03
  +1.85000000000000008188e-03
  +1.85500000000000009499e-03
  +1.86000000000000010811e-03
  +1.86500000000000012122e-03
  +1.87000000000000013434e-03
  +1.87500000000000014745e-03
  +1.88000000000000016057e-03
  +1.88500000000000017368e-03
  +1.89000000000000018680e-03
  +1.89500000000000019991e-03
  +1.90000000000000021302e-03
  +1.90500000000000022614e-03
  +1.91000000000000023925e-03
  +1.91500000000000025237e-03
  +1.92000000000000026548e-03
  +1.92500000000000006176e-03
  +1.93000000000000007487e-03
  +1.93500000000000008799e-03
  +1.94000000000000010110e-03
  +1.94500000000000011421e-03
  +1.95000000000000012733e-03
  +1.95500000000000014044e-03
  +1.96000000000000037040e-03
  +1.96500000000000016667e-03
  +1.96999999999999996295e-03
  +1.97500000000000019290e-03
  +1.97999999999999998918e-03
  +1.98500000000000021913e-03
  +1.99000000000000001540e-03
  +1.99500000000000024536e-03
  +2.00000000000000004163e-03
</indep>
<dep V2.It time>
  +0.00000000000000000000e+00
  -9.44296248282040150092e-06
  -7.33252839972074580994e-05
  -1.43793762097031908214e-04
  -2.17053311285824303105e-04
  -2.91749146134785588939e-04
  -3.66618838252693039943e-04
  -4.40324347050071156912e-04
  -5.11631110935324641582e-04
  -5.79486847609403930327e-04
  -6.43145445277099611983e-04
  -7.02191308597363496487e-04
  -7.56623085525139483891e-04
  -8.06833529936176719298e-04
  -8.53541734596473798159e-04
  -8.97752238576204398580e-04
  -9.40624763252459103989e-04
  -9.83356379163339514721e-04
  -1.02708250426454864544e-03
  -1.07274422212272086546e-03
  -1.12098533564698602319e-03
  -1.17209269331426256706e-03
  -1.22596185914640508179e-03
  -1.28210287015480305442e-03
  -1.33968137437425198651e-03
  -1.39759754167024141842e-03
  -1.45458876465911308637e-03
  -1.50933689930383627131e-03
  -1.56063142429648904312e-03
  -1.60744980714737557316e-03
  -1.64903878160230156665e-03
  -1.68502930899732468635e-03
  -1.71544006840793961978e-03
  -1.74067855849769368218e-03
  -1.76149779674104694192e-03
  -1.77891822531892345068e-03
  -1.79413316372208997765e-03
  -1.80837138123279232010e-03
  -1.82279184333059484854e-03
  -1.83835908782376033013e-03
  -1.85574825715028668763e-03
  -1.87527676729635226285e-03
  -1.89687123951827636692e-03
  -1.92007286882387253647e-03
  -1.94408070168953193979e-03
  -1.96782858807710570037e-03
  -1.99008756113289034598e-03
  -2.00958558554084577505e-03
  -2.02514114596785308950e-03
  -2.03575090630030847150e-03
  -2.04071273471922781315e-03
  -2.03968908510798394018e-03
  -2.03273517062440862296e-03
  -2.02029540614447012878e-03
  -2.00316024009146009116e-03
  -1.98238920714033069539e-03
  -1.95920803277247791707e-03
  -1.93489405667267365223e-03
  -1.91062735137542140905e-03
  -1.88742608982508551160e-03
  -1.86599894982736953970e-03
  -1.84670164201926919993e-03
  -1.82949911867919846886e-03
  -1.81397082131450212115e-03
  -1.79935392256715402833e-03
  -1.78462285538624385560e-03
  -1.76857916850503148372e-03
  -1.74999505960393448439e-03
  -1.72773898691803442194e-03
  -1.70081627722265299636e-03
  -1.66855389041224212200e-03
  -1.63069274319408157210e-03
  -1.58730607805797579828e-03
  -1.53887326740415227022e-03
  -1.48622020595008609740e-03
  -1.43044145324256605223e-03
  -1.37279704804845088806e-03
  -1.31459884429766015249e-03
  -1.25706222850953462482e-03
  -1.20123401836814839086e-03
  -1.14785711914715607418e-03
  -1.09731841326986549918e-03
  -1.04961365665780931300e-03
  -1.00435336562044639185e-03
  -9.60803680715689202574e-04
  -9.17963132840195596487e-04
  -8.74668599766443427557e-04
  -8.29718470938435397576e-04
  -7.81982607367597806931e-04
  -7.30528974162274538640e-04
  -6.74717701846053088260e-04
  -6.14269213000199479011e-04
  -5.49297250510097172758e-04
  -4.80303446577069119254e-04
  -4.08125580311414766325e-04
  -3.33899547146721616293e-04
  -2.58889474780747371775e-04
  -1.84420257664591458451e-04
  -1.11732932711529599971e-04
  -4.18810354180838855962e-05
  +2.43916830254454854491e-05
  +8.66448387823715412059e-05
  +1.44904981102438257723e-04
  +1.99543526620639182986e-04
  +2.51282048411975136772e-04
  +3.01116786760034977656e-04
  +3.50201432605602562022e-04
  +3.99736734501586108391e-04
  +4.50845739140762116065e-04
  +5.04449248537678306657e-04
  +5.61178260859030515924e-04
  +6.21331369671767187561e-04
  +6.84813314966196615141e-04
  +7.51084765191621607158e-04
  +8.19311734738505364345e-04
  +8.88388150519529070509e-04
  +9.57041520440431148740e-04
  +1.02395278906450477342e-03
  +1.08789048525889360877e-03
  +1.14780762092271757663e-03
  +1.20297187920329214615e-03
  +1.25295935762437943284e-03
  +1.29779817781970575538e-03
  +1.33787565812387883313e-03
  +1.37392905239149161478e-03
  +1.40696781608712611494e-03
  +1.43817000026062041806e-03
  +1.46874812254781041305e-03
  +1.49984333586696059852e-03
  +1.53239019383009998469e-03
  +1.56708669261649310815e-03
  +1.60419476599617770451e-03
  +1.64361923486599777015e-03
  +1.68491860758770289896e-03
  +1.72725707456870478107e-03
  +1.76955014425901092923e-03
  +1.81055096823942891782e-03
  +1.84896773372998364342e-03
  +1.88359109653618095673e-03
  +1.91341080694184487859e-03
  +1.93770591524568161317e-03
  +1.95611778080971489974e-03
  +1.96868232669787038974e-03
  +1.97582465986884722037e-03
  +1.97831582261454898275e-03
  +1.97719585699643925908e-03
  +1.97367133658713509239e-03
  +1.96899657452586545128e-03
  +1.96433354920593286619e-03
  +1.96068660535502923767e-03
  +1.95874339998953995653e-03
  +1.95883687538721869975e-03
  +1.96091374031187506283e-03
  +1.96453509692606428927e-03
  +1.96891925726040998776e-03
  +1.97301929649926774749e-03
  +1.97562617719473487127e-03
  +1.97548789728417637651e-03
  +1.97143302862505922016e-03
  +1.96248655396565529693e-03
  +1.94796666236254521418e-03
  +1.92755302670421070979e-03
  +1.90131987834430576413e-03
  +1.86973063957281897089e-03
  +1.83359463746247930947e-03
  +1.79399013419103488427e-03
  +1.75216120594444847020e-03
  +1.70939880759429785329e-03
  +1.66692037355492908048e-03
  +1.62573985109375446050e-03
  +1.58659133811145944618e-03
  +1.54984779218315330690e-03
  +1.51549135401440968757e-03
  +1.48311843651508542923e-03
  +1.45198293466848094881e-03
  +1.42107431110739010176e-03
  +1.38921436523792708566e-03
  +1.35519702516182795858e-03
  +1.31786824172347243576e-03
  +1.27629109936309124984e-03
  +1.22982094825424461554e-03
  +1.17816581494175828815e-03
  +1.12143072591258034613e-03
  +1.06010920295835243260e-03
  +9.95039915009438740226e-04
  +9.27329677719365935533e-04
  +8.58250304106263138364e-04
  +7.89125350194882970584e-04
  +7.21184097634421962530e-04
  +6.55478585421608896111e-04
  +5.92745977348127007535e-04
  +5.33418497569708004863e-04
  +4.77475935494788288234e-04
  +4.24543905918578479402e-04
  +3.73894562858163013487e-04
  +3.24533950595216696099e-04
  +2.75306724749494423615e-04
  +2.25013554048563926705e-04
  +1.72531370518680019594e-04
  +1.16932765617112457740e-04
  +5.75804497995166783054e-05
  -5.80466269336156593354e-06
  -7.30679108353805178196e-05
  -1.43764987399221414940e-04
  -2.17041879446640793849e-04
  -2.91748984034146362221e-04
  -3.66618512534798923156e-04
  -4.40324212823733809451e-04
  -5.11630498424626121989e-04
  -5.79496754808176881522e-04
  -6.43144410231258475616e-04
  -7.02188621119035835672e-04
  -7.56629661506276604208e-04
  -8.06834529019409313517e-04
  -8.53539926656031694256e-04
  -8.97751726236094174487e-04
  -9.40624198855552614770e-04
  -9.83350393603318363722e-04
  -1.02705509799735114455e-03
  -1.07274760648154898930e-03
  -1.12098619683734636657e-03
  -1.17209389043100857715e-03
  -1.22598008677313966702e-03
  -1.28211419785066488460e-03
  -1.33968903245762320509e-03
  -1.39760102814248557239e-03
  -1.45458775599857713205e-03
  -1.50933764106676773092e-03
  -1.56063301383477172520e-03
  -1.60745841985827420985e-03
  -1.64904522339310005002e-03
  -1.68503413244025426060e-03
  -1.71544393130176235987e-03
  -1.74068179325885183384e-03
  -1.76150009693619956364e-03
  -1.77891844731100506882e-03
  -1.79413325728771961415e-03
  -1.80835585675759584652e-03
  -1.82277904072926833119e-03
  -1.83834184009187243287e-03
  -1.85572843334199624916e-03
  -1.87525614569724837812e-03
  -1.89685031084115343636e-03
  -1.92005559314995530654e-03
  -1.94406886436185267694e-03
  -1.96782335079739726172e-03
  -1.99008709782918895292e-03
  -2.00958562084653903981e-03
  -2.02514067068525639020e-03
  -2.03575141322743635025e-03
  -2.04071333939612317362e-03
  -2.03968968141199271521e-03
  -2.03273569755205553780e-03
  -2.02029581198065770128e-03
  -2.00316048512176126187e-03
  -1.98238926740640147503e-03
  -1.95920807825974117866e-03
  -1.93489262529497607623e-03
  -1.91063350072697584782e-03
  -1.88743488664409441585e-03
  -1.86598644122106969642e-03
  -1.84670126102815228969e-03
  -1.82949912785682414218e-03
  -1.81397083631336191421e-03
  -1.79935395972168890241e-03
  -1.78462284497543535559e-03
  -1.76857903096393990344e-03
  -1.75000683165922404048e-03
  -1.72774995795138921507e-03
  -1.70078835418969662174e-03
  -1.66856506011858079543e-03
  -1.63069469368338441223e-03
  -1.58730681962575520365e-03
  -1.53887385639857017863e-03
  -1.48624516943043081044e-03
  -1.43044323080224991714e-03
  -1.37279714910791875680e-03
  -1.31459840261928984258e-03
  -1.25706769609646102151e-03
  -1.20124184928650681696e-03
  -1.14786612672754619914e-03
  -1.09732768896143319769e-03
  -1.04962228814731162174e-03
  -1.00435955917287079130e-03
  -9.60806224346949684645e-04
  -9.17963229919569758362e-04
  -8.74668929099994200797e-04
  -8.29718882765150163305e-04
  -7.81982859913268814507e-04
  -7.30525514698129700697e-04
  -6.74718719243002978611e-04
  -6.14270438962961776511e-04
  -5.49298331588138062480e-04
  -4.80303334764752660677e-04
  -4.08125238096050863869e-04
  -3.33899198078866320510e-04
  -2.58889371095776714762e-04
  -1.84420123642090814367e-04
  -1.11729987257231831114e-04
  -4.18785142130624512928e-05
  +2.43787206762227350249e-05
  +8.66385453425682966130e-05
  +1.44899791999678984131e-04
  +1.99539267531479542431e-04
  +2.51281001575059698572e-04
  +3.01116565689583807249e-04
  +3.50201009647678723324e-04
  +3.99736482561673003421e-04
  +4.50845613713681556221e-04
  +5.04448714952573061543e-04
  +5.61192216609784108421e-04
  +6.21353270363947211841e-04
  +6.84817457758300556989e-04
  +7.51084623196103507402e-04
  +8.19311367588748912065e-04
  +8.88387987173004829711e-04
  +9.57041600323244512002e-04
  +1.02395261706827891794e-03
  +1.08788969460864109150e-03
  +1.14781555971407169502e-03
  +1.20296559567251984055e-03
  +1.25295335337632148670e-03
  +1.29779164998892982893e-03
  +1.33787001397452890057e-03
  +1.37392697172896804773e-03
  +1.40696763124491968679e-03
  +1.43816927637346013424e-03
  +1.46873332136376768924e-03
  +1.49979320682414626713e-03
  +1.53239068680548142128e-03
  +1.56704237344765348779e-03
  +1.60418020645913383254e-03
  +1.64362758280996602150e-03
  +1.68490167161041695318e-03
  +1.72722847055325101802e-03
  +1.76955005728499374824e-03
  +1.81055076178993903588e-03
  +1.84896815029374911310e-03
  +1.88359498962958611494e-03
  +1.91341592634236405158e-03
  +1.93771165281240022142e-03
  +1.95612356812370838388e-03
  +1.96868759623365597797e-03
  +1.97582889517753474903e-03
  +1.97831860857265772261e-03
  +1.97719692993968219202e-03
  +1.97367001426212648751e-03
  +1.96899082916094638959e-03
  +1.96433560987540559856e-03
  +1.96068801238189795166e-03
  +1.95874230525013535986e-03
  +1.95883507700650048508e-03
  +1.96091214429210559250e-03
  +1.96453390021789249531e-03
  +1.96891857933867908334e-03
  +1.97301920393879197044e-03
  +1.97562667917471675855e-03
  +1.97548894480221179717e-03
  +1.97143451929998256289e-03
  +1.96248834205950926923e-03
  +1.94796857304627753921e-03
  +1.92755487317096060873e-03
  +1.90132148009512758589e-03
  +1.86973184008495376882e-03
  +1.83359531951061342607e-03
  +1.79399023132185172873e-03
  +1.75216070898123440006e-03
  +1.70940371158516033444e-03
  +1.66691706715162753921e-03
  +1.62573398765503249370e-03
  +1.58658455948098263411e-03
  +1.54984083720111228376e-03
  +1.51548490920111532214e-03
  +1.48311313465843684113e-03
  +1.45197962516309397873e-03
  +1.42107454267988760760e-03
  +1.38921439157587778626e-03
  +1.35519513611347011510e-03
  +1.31787543927677015983e-03
  +1.27628142476781530901e-03
  +1.22982515470598796625e-03
  +1.17817165869343030461e-03
  +1.12143625358247182172e-03
  +1.06011380160330945244e-03
  +9.95043103603589825651e-04
  +9.27331089045435293453e-04
  +8.58250420628983972521e-04
  +7.89124855372672637591e-04
  +7.21179691029533468868e-04
  +6.55473893373698969500e-04
  +5.92756249394753818860e-04
  +5.33424279128189861819e-04
  +4.77482494298548483178e-04
  +4.24548617893979541096e-04
  +3.73898798628677407965e-04
  +3.24532643144592801258e-04
  +2.75306661227069581713e-04
  +2.25013850528565906815e-04
  +1.72531883395691089736e-04
  +1.16933217503898057498e-04
  +5.75804249162818420726e-05
</dep>
<dep V4.It time>
  +0.00000000000000000000e+00
  -1.41163858269114663412e-04
  -2.80828687380881816989e-04
  -3.93402781052474539904e-04
  -4.67124969186880783546e-04
  -4.94720054013580968176e-04
  -4.73492310417887737016e-04
  -4.05517963251720127763e-04
  -2.97455460297640190363e-04
  -1.59884656070209907547e-04
  -6.27786413180104337051e-06
  +1.48329630160778453340e-04
  +2.88799131107290779283e-04
  +4.01374060020820097334e-04
  +4.75032470280994825566e-04
  +5.02557190225722373936e-04
  +4.81248904385319601230e-04
  +4.13190110271824298082e-04
  +3.05035397569597464904e-04
  +1.67364130582858442560e-04
  +1.36462922344897244833e-05
  -1.41078143689551054963e-04
  -2.81671096058492913781e-04
  -3.94378282064348465071e-04
  -4.68175048776795518866e-04
  -4.95845994824286608570e-04
  -4.74691135601649062768e-04
  -4.06787187198203153277e-04
  -2.98793860832463576901e-04
  -1.61293442786472650870e-04
  -7.75119821310098642479e-06
  +1.46791457075423230133e-04
  +2.87196571795259774154e-04
  +3.99709871065022511686e-04
  +4.73307148984247099202e-04
  +5.00773705764453102782e-04
  +4.79408493450063919513e-04
  +4.11292964721265876925e-04
  +3.03082908257712999641e-04
  +1.65359109708645827565e-04
  +1.15911938600044531103e-05
  -1.43180846173090819094e-04
  -2.83818855461489866383e-04
  -3.96568333424068494592e-04
  -4.70404808205615392568e-04
  -4.98112976721707518234e-04
  -4.76992797773560458802e-04
  -4.09123911271144812592e-04
  -3.01164548424063518908e-04
  -1.63692943579683684342e-04
  -1.01781836798072528922e-05
  +1.44339506093344046266e-04
  +2.84722197704271413540e-04
  +3.97215627952896466104e-04
  +4.70795548781950689860e-04
  +4.98246868512486253827e-04
  +4.76869875318801210180e-04
  +4.08743363988678702018e-04
  +3.00527368866697092587e-04
  +1.62798817569673279649e-04
  +9.02852069073306585326e-06
  -1.45743523215178773711e-04
  -2.86379162871910094949e-04
  -3.99123889674108886256e-04
  -4.72953212556356003375e-04
  -5.00652451752377019266e-04
  -4.79519710251902512785e-04
  -4.11636248586485272837e-04
  -3.03663410124736495369e-04
  -1.66172279355855661990e-04
  -1.26299754155854442495e-05
  +1.41912817576798992161e-04
  +2.82322728019638333283e-04
  +3.94845715151665756226e-04
  +4.68457520370761432062e-04
  +4.95943027282632308006e-04
  +4.74602549099808123864e-04
  +4.06514718774884356491e-04
  +2.98339063893196618921e-04
  +1.60653519421924656074e-04
  +6.92834635944631896311e-06
  -1.47796411578875072591e-04
  -2.88382642821191572009e-04
  -4.01076130717401035160e-04
  -4.74852341275641156009e-04
  -5.02495533340275527673e-04
  -4.81305762306651031216e-04
  -4.13364169604690963582e-04
  -3.05326001645797400451e-04
  -1.67771780605396392868e-04
  -1.41709282740382791098e-05
  +1.40436746957040432251e-04
  +2.80913257101139245825e-04
  +3.93504256241477992726e-04
  +4.67187520362585795818e-04
  +4.94742345733435100012e-04
  +4.73472506234541708984e-04
  +4.05457589430582865126e-04
  +2.97354652733008322559e-04
  +1.59743617872016820591e-04
  +6.09792075636204475346e-06
  -1.48552667030945109976e-04
  -2.89061640635284637733e-04
  -4.01676772191572140167e-04
  -4.75374362826736082330e-04
  -5.02938035830106759672e-04
  -4.81668557289038196372e-04
  -4.13645934260349124913e-04
  -3.05526134943473904465e-04
  -1.67891738072668394305e-04
  -1.42139319727149058848e-05
  +1.40472379482771669293e-04
  +2.81033678545449081172e-04
  +3.93705743167990849900e-04
  +4.67466546049667111724e-04
  +4.95101787760108733548e-04
  +4.73911801206827265967e-04
  +4.05975986578414221092e-04
  +2.97951849971460911229e-04
  +1.60418713492085950652e-04
  +6.85034365458374084500e-06
  -1.47722184607867302155e-04
  -2.88155076565655787844e-04
  -4.00695515318331150004e-04
  -4.74319548014047887973e-04
  -5.01811436571492292327e-04
  -4.80470071793127092956e-04
  -4.12377001365749756845e-04
  -3.04188413567388880616e-04
  -1.66488454917793819807e-04
  -1.27368240333494544614e-05
  +1.42016901549238790592e-04
  +2.82633472111730585027e-04
  +3.95367135582427864371e-04
  +4.69189186767821487644e-04
  +4.96884273970568841883e-04
  +4.75752473974423478915e-04
  +4.07873117777978941561e-04
  +2.99902157336155283235e-04
  +1.62420814445820443656e-04
  +8.89822066384089691861e-06
  -1.45625894823516501822e-04
  -2.86013625036085226885e-04
  -3.98510713189636665236e-04
  -4.72092927858284744803e-04
  -4.99545206048459004486e-04
  -4.78167774658031614291e-04
  -4.10040335857546280225e-04
  -3.01822603058886991707e-04
  -1.64090126031578818766e-04
  -1.03141500026141979586e-05
  +1.44464435851414222962e-04
  +2.85107697010071614325e-04
  +3.97861289117449820618e-04
  +4.71700721805440586088e-04
  +4.99410653827248030012e-04
  +4.78291177081915366495e-04
  +4.10422090539142123567e-04
  +3.02459302738184983381e-04
  +1.64983292840414409210e-04
  +1.14634074430568700162e-05
  -1.43060624988533693436e-04
  -2.83450899504286571787e-04
  -3.95953150136260461061e-04
  -4.69543125014967562339e-04
  -4.97005728546425352803e-04
  -4.75641296683395036621e-04
  -4.07529808790870222077e-04
  -2.99326495508512896871e-04
  -1.61613821551316166067e-04
  -7.86066265960820538062e-06
  +1.46892939045418249823e-04
  +2.87508843261946448518e-04
  +4.00232571501017340108e-04
  +4.74039678103992546260e-04
  +5.01715187183573670983e-04
  +4.80558296492714402074e-04
  +4.12651820816104691111e-04
  +3.04647691702759318595e-04
  +1.67127745201756816194e-04
  +1.35626109173220504682e-05
  -1.41008732378102773176e-04
  -2.81448342157593063388e-04
  -3.94001904323074212799e-04
  -4.67645116446074502435e-04
  -4.95162830439932043908e-04
  -4.73855327903547382095e-04
  -4.05801104956142748466e-04
  -2.97658878079968126744e-04
  -1.60007810954714067668e-04
  -6.32200285043789968187e-06
  +1.48367568560291103246e-04
  +2.88916666437508324640e-04
  +4.01572852968846538257e-04
  +4.75311241569255447242e-04
  +5.02916255128688636546e-04
  +4.81688322552796673818e-04
  +4.13707729040357409002e-04
  +3.05630209011249049343e-04
  +1.68036309052685829245e-04
  +1.43951124498802707192e-05
  -1.40254283321749879769e-04
  -2.80764344090425773098e-04
  -3.93395587378022682304e-04
  -4.67122111227085638069e-04
  -4.94720013488421351232e-04
  -4.73492228988413191380e-04
  -4.05517929695132822894e-04
  -2.97455307169960871290e-04
  -1.59887132869896938289e-04
  -6.27760537033301316241e-06
  +1.48330302030361994847e-04
  +2.88797487112008315242e-04
  +4.01373810250013629292e-04
  +4.75032922266103779449e-04
  +5.02557318310749767329e-04
  +4.81249045484546521690e-04
  +4.13191606661829748462e-04
  +3.05042249136396406445e-04
  +1.67363284493150462923e-04
  +1.36460769368976091479e-05
  -1.41078442968740647460e-04
  -2.81675652965179812697e-04
  -3.94381113988316795750e-04
  -4.68176963297640004024e-04
  -4.95846866442347647061e-04
  -4.74690883436512905784e-04
  -4.06787372638935042397e-04
  -2.98794258217033109008e-04
  -1.61295595964193894806e-04
  -7.75280866079714459896e-06
  +1.46790251214688830797e-04
  +2.87195606071802191778e-04
  +3.99709062374732052199e-04
  +4.73306573935458835354e-04
  +5.00773650266432644035e-04
  +4.79408470058655914077e-04
  +4.11296845840063477438e-04
  +3.03086108908042135314e-04
  +1.65363421641613790331e-04
  +1.15961498120720601495e-05
  -1.43175690773320404446e-04
  -2.83813623292209513214e-04
  -3.96564014505589512369e-04
  -4.70401848873696335797e-04
  -4.98111667401780408571e-04
  -4.76992681947633809496e-04
  -4.09123920097565851959e-04
  -3.01164429603416024597e-04
  -1.63693070311467686910e-04
  -1.01783348490306254497e-05
  +1.44339357017342394610e-04
  +2.84722065972360118512e-04
  +3.97215526493851090861e-04
  +4.70795487524376481386e-04
  +4.98246853445968450498e-04
  +4.76869863946984202160e-04
  +4.08743721833099572360e-04
  +3.00525831528807995004e-04
  +1.62796618364920592801e-04
  +9.03164784230746932575e-06
  -1.45743427967401660344e-04
  -2.86379165166320091146e-04
  -3.99123893423826490816e-04
  -4.72953221844991077150e-04
  -5.00652449149674677424e-04
  -4.79519675866629617716e-04
  -4.11639191600307390809e-04
  -3.03666152883074814180e-04
  -1.66165298597614291510e-04
  -1.26327678421676850091e-05
  +1.41912329954477212362e-04
  +2.82322542627697005597e-04
  +3.94845567903065019621e-04
  +4.68451279500674657493e-04
  +4.95942582892711070729e-04
  +4.74602523834940722997e-04
  +4.06514829194475524506e-04
  +2.98337696996463230814e-04
  +1.60651561692331038000e-04
  +6.92609446434468300114e-06
  -1.47798730501773150064e-04
  -2.88384800693565902362e-04
  -4.01077679105505942401e-04
  -4.74852977183456655998e-04
  -5.02495557610118607356e-04
  -4.81305844640038046900e-04
  -4.13364272561368435287e-04
  -3.05326064782210381855e-04
  -1.67770915739361240479e-04
  -1.41711826232768426759e-05
  +1.40436440466349017619e-04
  +2.80912986831631246009e-04
  +3.93504284194558001837e-04
  +4.67187605916427096692e-04
  +4.94742433000398612250e-04
  +4.73472532155782936669e-04
  +4.05457622936204427951e-04
  +2.97355389096579623975e-04
  +1.59744248173271532034e-04
  +6.09468016905415147362e-06
  -1.48554240390898011602e-04
  -2.89062937910976021447e-04
  -4.01677836963863093851e-04
  -4.75374624535965077405e-04
  -5.02938091097719728456e-04
  -4.81668663028519657490e-04
  -4.13645997245326384716e-04
  -3.05526166300242214835e-04
  -1.67891871468942564284e-04
  -1.42104430350241038811e-05
  +1.40477854655819169027e-04
  +2.81034714243476476097e-04
  +3.93705707669112382058e-04
  +4.67466454262229543642e-04
  +4.95101746923477564928e-04
  +4.73911821177530362837e-04
  +4.05975943579356998280e-04
  +2.97951652308895830346e-04
  +1.60420698189922366055e-04
  +6.84877277188842404189e-06
  -1.47723685669880379226e-04
  -2.88156708523348468413e-04
  -4.00696926355667494730e-04
  -4.74320068179679213416e-04
  -5.01811482782044170417e-04
  -4.80470252764916621810e-04
  -4.12380701661759136757e-04
  -3.04200945828090566110e-04
  -1.66488331673942795705e-04
  -1.27479038255534303222e-05
  +1.42013261664983297819e-04
  +2.82635559097727255724e-04
  +3.95362901588107787387e-04
  +4.69182035763959076873e-04
  +4.96884252227064817688e-04
  +4.75752422362052743154e-04
  +4.07873221918921067923e-04
  +2.99903130609507602780e-04
  +1.62422094295951483737e-04
  +8.89965505552183308450e-06
  -1.45624447995020299190e-04
  -2.86012307652140672972e-04
  -3.98509654362466029902e-04
  -4.72092231368758318780e-04
  -4.99544937812648379670e-04
  -4.78168105239282193418e-04
  -4.10041772198772630411e-04
  -3.01822087891514146546e-04
  -1.64089774274856110836e-04
  -1.03144236874629551058e-05
  +1.44463986256236973224e-04
  +2.85107298005125397826e-04
  +3.97860989940405950557e-04
  +4.71700552325007480513e-04
  +4.99410630687129085750e-04
  +4.78291302576911217786e-04
  +4.10422352418651737675e-04
  +3.02459675406914084341e-04
  +1.64983739863875733880e-04
  +1.14638851139875728053e-05
  -1.43060163371851856553e-04
  -2.83450499066585941046e-04
  -3.95952850008230176817e-04
  -4.69542954502935659493e-04
  -4.97005704263721033269e-04
  -4.75641420924196819432e-04
  -4.07528582793153571796e-04
  -2.99327322109339041128e-04
  -1.61615287410997850387e-04
  -7.86235731722867047715e-06
  +1.46891200299906774310e-04
  +2.87507232058621610329e-04
  +4.00231246036854108883e-04
  +4.74038850727645044800e-04
  +5.01715245076698318494e-04
  +4.80558303077200505132e-04
  +4.12651348554011977634e-04
  +3.04649491091078924911e-04
  +1.67125326552932111819e-04
  +1.35636625302519487517e-05
  -1.41007271440190434016e-04
  -2.81446960240124693930e-04
  -3.94000754661833982057e-04
  -4.67644319297538140542e-04
  -4.95162477608415219424e-04
  -4.73855298772868013812e-04
  -4.05801228661695711185e-04
  -2.97659979731191280151e-04
  -1.60008983966692850363e-04
  -6.31943483878254278597e-06
  +1.48369013949909886972e-04
  +2.88918306138456315157e-04
  +4.01574030962700096944e-04
  +4.75312300511883042975e-04
  +5.02915928266032988096e-04
  +4.81688306672190978339e-04
  +4.13707803160352706635e-04
  +3.05630337230499370647e-04
  +1.68036422024380355548e-04
  +1.43951062290726644979e-05
</dep>
<dep U1.Vt time>
  +0.00000000000000000000e+00
  +1.57053795390641459662e-02
  +3.13952597646566869405e-02
  +4.70541566592571625094e-02
  +6.26666167821521291614e-02
  +7.82172325201154344798e-02
  +9.36906572928623143648e-02
  +1.09071620698271268268e-01
  +1.24344943582427397422e-01
  +1.39495553019614637602e-01
  +1.54508497187473697876e-01
  +1.69368960122645684230e-01
  +1.84062276342338987378e-01
  +1.98573945317390310183e-01
  +2.12889645782536329754e-01
  +2.26995249869773374485e-01
  +2.40876837050857661726e-01
  +2.54520707875185658864e-01
  +2.67913397489498328330e-01
  +2.81041688926065291732e-01
  +2.93892626146236568552e-01
  +3.06453526826488187318e-01
  +3.18711994874344817230e-01
  +3.30655932661825913144e-01
  +3.42273552964344363048e-01
  +3.53553390593273730858e-01
  +3.64484313710705776224e-01
  +3.75055534815229740797e-01
  +3.85256621387894626629e-01
  +3.95077506187845151064e-01
  +4.04508497187473725631e-01
  +4.13540287137280859753e-01
  +4.22163962751007537655e-01
  +4.30371013501971821924e-01
  +4.38153340021931791970e-01
  +4.45503262094183893893e-01
  +4.52413526233009788413e-01
  +4.58877312841990570025e-01
  +4.64888242944125673617e-01
  +4.70440384477112782946e-01
  +4.75528258147576765591e-01
  +4.80146842838471532566e-01
  +4.84291580564315538027e-01
  +4.87958380969373717306e-01
  +4.91143625364344305062e-01
  +4.93844170297568885175e-01
  +4.96057350657238937952e-01
  +4.97780982301539998147e-01
  +4.99013364214135779484e-01
  +4.99753280182865800008e-01
  +5.00000000000000000000e-01
  +4.99753280182865800008e-01
  +4.99013364214135779484e-01
  +4.97780982301539998147e-01
  +4.96057350657238937952e-01
  +4.93844170297568885175e-01
  +4.91143625364344360573e-01
  +4.87958380969373717306e-01
  +4.84291580564315593538e-01
  +4.80146842838471532566e-01
  +4.75528258147576821102e-01
  +4.70440384477112727435e-01
  +4.64888242944125729128e-01
  +4.58877312841990625536e-01
  +4.52413526233009732902e-01
  +4.45503262094183949404e-01
  +4.38153340021931736459e-01
  +4.30371013501971821924e-01
  +4.22163962751007593166e-01
  +4.13540287137280859753e-01
  +4.04508497187473725631e-01
  +3.95077506187845262087e-01
  +3.85256621387894626629e-01
  +3.75055534815229851819e-01
  +3.64484313710705720712e-01
  +3.53553390593273786369e-01
  +3.42273552964344418559e-01
  +3.30655932661825913144e-01
  +3.18711994874344761719e-01
  +3.06453526826488409363e-01
  +2.93892626146236624063e-01
  +2.81041688926065402754e-01
  +2.67913397489498328330e-01
  +2.54520707875185547842e-01
  +2.40876837050857800504e-01
  +2.26995249869773429996e-01
  +2.12889645782536246488e-01
  +1.98573945317390310183e-01
  +1.84062276342339070645e-01
  +1.69368960122645656474e-01
  +1.54508497187473753387e-01
  +1.39495553019614554335e-01
  +1.24344943582427411299e-01
  +1.09071620698271379291e-01
  +9.36906572928622866092e-02
  +7.82172325201154899910e-02
  +6.26666167821520458947e-02
  +4.70541566592571763872e-02
  +3.13952597646565689793e-02
  +1.57053795390643402552e-02
  +6.12323399573676603587e-17
  -1.57053795390639967799e-02
  -3.13952597646566730627e-02
  -4.70541566592570514871e-02
  -6.26666167821521430392e-02
  -7.82172325201155871355e-02
  -9.36906572928623837537e-02
  -1.09071620698271032346e-01
  -1.24344943582427286399e-01
  -1.39495553019614443313e-01
  -1.54508497187473642365e-01
  -1.69368960122645739741e-01
  -1.84062276342338959623e-01
  -1.98573945317390393450e-01
  -2.12889645782536329754e-01
  -2.26995249869773541018e-01
  -2.40876837050857495193e-01
  -2.54520707875185603353e-01
  -2.67913397489498217308e-01
  -2.81041688926065291732e-01
  -2.93892626146236513041e-01
  -3.06453526826488298340e-01
  -3.18711994874344817230e-01
  -3.30655932661826024166e-01
  -3.42273552964344196514e-01
  -3.53553390593273730858e-01
  -3.64484313710705665201e-01
  -3.75055534815229740797e-01
  -3.85256621387894682140e-01
  -3.95077506187845206576e-01
  -4.04508497187473670120e-01
  -4.13540287137281081797e-01
  -4.22163962751007648677e-01
  -4.30371013501971655391e-01
  -4.38153340021931791970e-01
  -4.45503262094183893893e-01
  -4.52413526233009677391e-01
  -4.58877312841990625536e-01
  -4.64888242944125729128e-01
  -4.70440384477112727435e-01
  -4.75528258147576765591e-01
  -4.80146842838471477055e-01
  -4.84291580564315482516e-01
  -4.87958380969373717306e-01
  -4.91143625364344360573e-01
  -4.93844170297568829664e-01
  -4.96057350657238882441e-01
  -4.97780982301539998147e-01
  -4.99013364214135779484e-01
  -4.99753280182865800008e-01
  -5.00000000000000000000e-01
  -4.99753280182865800008e-01
  -4.99013364214135779484e-01
  -4.97780982301539998147e-01
  -4.96057350657238937952e-01
  -4.93844170297568885175e-01
  -4.91143625364344305062e-01
  -4.87958380969373661795e-01
  -4.84291580564315649049e-01
  -4.80146842838471532566e-01
  -4.75528258147576821102e-01
  -4.70440384477112782946e-01
  -4.64888242944125784639e-01
  -4.58877312841990514514e-01
  -4.52413526233009788413e-01
  -4.45503262094183949404e-01
  -4.38153340021931680948e-01
  -4.30371013501971988457e-01
  -4.22163962751007759699e-01
  -4.13540287137280915264e-01
  -4.04508497187473781143e-01
  -3.95077506187845317598e-01
  -3.85256621387894515607e-01
  -3.75055534815229740797e-01
  -3.64484313710705776224e-01
  -3.53553390593273841880e-01
  -3.42273552964344474070e-01
  -3.30655932661826135188e-01
  -3.18711994874344817230e-01
  -3.06453526826488242829e-01
  -2.93892626146236679574e-01
  -2.81041688926065458265e-01
  -2.67913397489498161796e-01
  -2.54520707875185603353e-01
  -2.40876837050857661726e-01
  -2.26995249869773485507e-01
  -2.12889645782536496288e-01
  -1.98573945317390587739e-01
  -1.84062276342338931867e-01
  -1.69368960122645711985e-01
  -1.54508497187473808898e-01
  -1.39495553019614387802e-01
  -1.24344943582427244766e-01
  -1.09071620698271656846e-01
  -9.36906572928623421204e-02
  -7.82172325201155455021e-02
  -6.26666167821518932390e-02
  -4.70541566592574539429e-02
  -3.13952597646570755185e-02
  -1.57053795390646247498e-02
  -1.22464679914735320717e-16
  +1.57053795390639343299e-02
  +3.13952597646563885680e-02
  +4.70541566592572110816e-02
  +6.26666167821520875281e-02
  +7.82172325201153095797e-02
  +9.36906572928621061980e-02
  +1.09071620698271407046e-01
  +1.24344943582427439055e-01
  +1.39495553019614582091e-01
  +1.54508497187474003187e-01
  +1.69368960122645906274e-01
  +1.84062276342339098401e-01
  +1.98573945317390337939e-01
  +2.12889645782535885665e-01
  +2.26995249869773291218e-01
  +2.40876837050857439682e-01
  +2.54520707875185381308e-01
  +2.67913397489497995263e-01
  +2.81041688926065236220e-01
  +2.93892626146236457529e-01
  +3.06453526826488076296e-01
  +3.18711994874344928252e-01
  +3.30655932661825968655e-01
  +3.42273552964344307536e-01
  +3.53553390593273675346e-01
  +3.64484313710705887246e-01
  +3.75055534815229851819e-01
  +3.85256621387894626629e-01
  +3.95077506187845428620e-01
  +4.04508497187473892165e-01
  +4.13540287137280804242e-01
  +4.22163962751007371121e-01
  +4.30371013501971599879e-01
  +4.38153340021931791970e-01
  +4.45503262094183838382e-01
  +4.52413526233009677391e-01
  +4.58877312841990459003e-01
  +4.64888242944125729128e-01
  +4.70440384477112727435e-01
  +4.75528258147576765591e-01
  +4.80146842838471588077e-01
  +4.84291580564315593538e-01
  +4.87958380969373717306e-01
  +4.91143625364344305062e-01
  +4.93844170297568885175e-01
  +4.96057350657238937952e-01
  +4.97780982301539998147e-01
  +4.99013364214135779484e-01
  +4.99753280182865744496e-01
  +5.00000000000000000000e-01
  +4.99753280182865800008e-01
  +4.99013364214135779484e-01
  +4.97780982301540053658e-01
  +4.96057350657238937952e-01
  +4.93844170297568829664e-01
  +4.91143625364344305062e-01
  +4.87958380969373661795e-01
  +4.84291580564315538027e-01
  +4.80146842838471532566e-01
  +4.75528258147576821102e-01
  +4.70440384477112838457e-01
  +4.64888242944125507083e-01
  +4.58877312841990403491e-01
  +4.52413526233009621880e-01
  +4.45503262094184226960e-01
  +4.38153340021932125037e-01
  +4.30371013501971766413e-01
  +4.22163962751007537655e-01
  +4.13540287137280970775e-01
  +4.04508497187473836654e-01
  +3.95077506187845317598e-01
  +3.85256621387894848674e-01
  +3.75055534815230073864e-01
  +3.64484313710705498668e-01
  +3.53553390593273564324e-01
  +3.42273552964344196514e-01
  +3.30655932661825857632e-01
  +3.18711994874344872741e-01
  +3.06453526826488298340e-01
  +2.93892626146236679574e-01
  +2.81041688926064792131e-01
  +2.67913397489498605886e-01
  +2.54520707875186047442e-01
  +2.40876837050858105815e-01
  +2.26995249869773957352e-01
  +2.12889645782536163221e-01
  +1.98573945317390226917e-01
  +1.84062276342338987378e-01
  +1.69368960122645767497e-01
  +1.54508497187473892165e-01
  +1.39495553019614887402e-01
  +1.24344943582427744366e-01
  +1.09071620698270838057e-01
  +9.36906572928619674201e-02
  +7.82172325201151708018e-02
  +6.26666167821519487502e-02
  +4.70541566592570723038e-02
  +3.13952597646566938794e-02
  +1.57053795390642396412e-02
  +1.83697019872102968750e-16
  -1.57053795390638753493e-02
  -3.13952597646563261180e-02
  -4.70541566592567114813e-02
  -6.26666167821515879277e-02
  -7.82172325201156842800e-02
  -9.36906572928624808982e-02
  -1.09071620698271351535e-01
  -1.24344943582427383544e-01
  -1.39495553019614526580e-01
  -1.54508497187473531342e-01
  -1.69368960122645434430e-01
  -1.84062276342339459223e-01
  -1.98573945317390698762e-01
  -2.12889645782536635066e-01
  -2.26995249869773624285e-01
  -2.40876837050856995592e-01
  -2.54520707875184937219e-01
  -2.67913397489498272819e-01
  -2.81041688926065236220e-01
  -2.93892626146236402018e-01
  -3.06453526826488020784e-01
  -3.18711994874344539674e-01
  -3.30655932661825580077e-01
  -3.42273552964343918958e-01
  -3.53553390593273952902e-01
  -3.64484313710705887246e-01
  -3.75055534815229796308e-01
  -3.85256621387894626629e-01
  -3.95077506187845095553e-01
  -4.04508497187473614609e-01
  -4.13540287137281248331e-01
  -4.22163962751007815211e-01
  -4.30371013501971599879e-01
  -4.38153340021931514414e-01
  -4.45503262094183616338e-01
  -4.52413526233009455346e-01
  -4.58877312841990570025e-01
  -4.64888242944125673617e-01
  -4.70440384477112671924e-01
  -4.75528258147576710080e-01
  -4.80146842838471477055e-01
  -4.84291580564315482516e-01
  -4.87958380969373606284e-01
  -4.91143625364344416084e-01
  -4.93844170297568885175e-01
  -4.96057350657238937952e-01
  -4.97780982301539998147e-01
  -4.99013364214135779484e-01
  -4.99753280182865800008e-01
  -5.00000000000000000000e-01
  -4.99753280182865800008e-01
  -4.99013364214135779484e-01
  -4.97780982301540053658e-01
  -4.96057350657238993463e-01
  -4.93844170297568940686e-01
  -4.91143625364344305062e-01
  -4.87958380969373661795e-01
  -4.84291580564315593538e-01
  -4.80146842838471588077e-01
  -4.75528258147576876613e-01
  -4.70440384477112838457e-01
  -4.64888242944125840150e-01
  -4.58877312841990403491e-01
  -4.52413526233009621880e-01
  -4.45503262094183838382e-01
  -4.38153340021931736459e-01
  -4.30371013501972266013e-01
  -4.22163962751007537655e-01
  -4.13540287137280970775e-01
  -4.04508497187473836654e-01
  -3.95077506187845373109e-01
  -3.85256621387894848674e-01
  -3.75055534815230073864e-01
  -3.64484313710706164802e-01
  -3.53553390593273619835e-01
  -3.42273552964344252025e-01
  -3.30655932661825913144e-01
  -3.18711994874344872741e-01
  -3.06453526826488353851e-01
  -2.93892626146236735085e-01
  -2.81041688926065569287e-01
  -2.67913397489497884241e-01
  -2.54520707875185325797e-01
  -2.40876837050857384170e-01
  -2.26995249869774012863e-01
  -2.12889645782537023644e-01
  -1.98573945317390282428e-01
  -1.84062276342339042889e-01
  -1.69368960122645823008e-01
  -1.54508497187473947676e-01
  -1.39495553019614942913e-01
  -1.24344943582426939455e-01
  -1.09071620698271767869e-01
  -9.36906572928628972319e-02
  -7.82172325201152401908e-02
  -6.26666167821528924398e-02
  -4.70541566592571347538e-02
  -3.13952597646576375690e-02
  -1.57053795390643020913e-02
  -2.44929359829470641435e-16
</dep>
<dep _net0.Vt time>
  +0.00000000000000000000e+00
  +1.33446389183590474747e-02
  +1.30639387653548218193e-02
  +1.11057161349991835586e-02
  +8.40328896069605230101e-03
  +5.27994598641905003855e-03
  +2.03594772968905589686e-03
  -1.00946606424650491343e-03
  -3.56283415140376969604e-03
  -5.37615888273633088512e-03
  -6.27786413180120381888e-03
  -6.17886702669518620562e-03
  -5.09349503894589335229e-03
  -3.13443716665384687278e-03
  -4.95787866582114798014e-04
  +2.55719022572228806695e-03
  +5.72064623774289418567e-03
  +8.68161308435081574553e-03
  +1.11427714233611838829e-02
  +1.28556333953850354668e-02
  +1.36462922344900462746e-02
  +1.34303534979225390467e-02
  +1.22215300877434925736e-02
  +1.01302151231251330588e-02
  +7.35320937078139807985e-03
  +4.15400517571340270606e-03
  +8.37122545927518942749e-04
  -2.27869001072926544854e-03
  -4.90123468622763111546e-03
  -6.78494559899875480241e-03
  -7.75119821310169248435e-03
  -7.71704011205031747272e-03
  -6.69605435097736078481e-03
  -4.79862612245158474261e-03
  -2.22110916332991879113e-03
  +7.73705764453066244073e-04
  +3.88023530248727708744e-03
  +6.78446753379253076482e-03
  +9.19028211147698143035e-03
  +1.08506125211727359747e-02
  +1.15911938600050962861e-02
  +1.13276510143834694549e-02
  +1.00737706847464948690e-02
  +7.94016376340558882596e-03
  +5.12344994196133746156e-03
  +1.88702327829248415157e-03
  -1.46453962598356592605e-03
  -4.61541408367144995184e-03
  -7.27192227782744952252e-03
  -9.18444639221134735696e-03
  -1.01781836798069454803e-02
  -1.01689910941302058545e-02
  -9.17042844196632421505e-03
  -7.29286923457760343642e-03
  -4.73270936562601891862e-03
  -1.75313148751379409458e-03
  +1.34161717122490407351e-03
  +4.23486680120528386634e-03
  +6.63474272046025125016e-03
  +8.29032038220009308283e-03
  +9.02852069073447477399e-03
  +8.76497397229542701824e-03
  +7.51346327432611364727e-03
  +5.38460751336508960940e-03
  +2.57504559122120543768e-03
  -6.52451752376991401909e-04
  -3.99145210432611842466e-03
  -7.12775139901179917434e-03
  -9.77078397850101969258e-03
  -1.16637821683824045166e-02
  -1.26299754155867905575e-02
  -1.25956796106751235664e-02
  -1.15698981265992973527e-02
  -9.66278203580822614427e-03
  -7.07073777681580840915e-03
  -4.05697271736770326972e-03
  -9.25709047768292396866e-04
  +2.00622158741088369577e-03
  +4.44643774696111288708e-03
  +6.14502223445130470875e-03
  +6.92834635944760465071e-03
  +6.71208560859900757456e-03
  +5.50998332504598706955e-03
  +3.43236647007395942119e-03
  +6.75916871935512003633e-04
  -2.49553334027545785020e-03
  -5.77750415907461820769e-03
  -8.85567241721851861058e-03
  -1.14333754995603730648e-02
  -1.32632834179229972676e-02
  -1.41709282740395039329e-02
  -1.40717502304353071774e-02
  -1.29793690450968751682e-02
  -1.10042409459958894641e-02
  -8.34073778499139738274e-03
  -5.25765426656490952873e-03
  -2.05575191303480116906e-03
  +9.49092243109308847035e-04
  +3.46202658677416830885e-03
  +5.23512068454336752799e-03
  +6.09792075636143241640e-03
  +5.95583015652888670549e-03
  +4.83098551095288795271e-03
  +2.83172499590274339212e-03
  +1.53895320841642021213e-04
  -2.93803583010683296364e-03
  -6.14029914146172871997e-03
  -9.13743707287450676602e-03
  -1.16335087972367391684e-02
  -1.33832408851948768402e-02
  -1.42139319727160092638e-02
  -1.40361177047039192151e-02
  -1.28589476007898006332e-02
  -1.08027540194850016353e-02
  -8.06171209791001208700e-03
  -4.89821223989127252363e-03
  -1.61645694074970865811e-03
  +1.46748939094055183899e-03
  +4.05922382522516753817e-03
  +5.91021630461409808871e-03
  +6.85034365458655862546e-03
  +6.78631257960657114509e-03
  +5.73754958058162595202e-03
  +3.81298186914366503408e-03
  +1.20871013352865448905e-03
  -1.81143657149225091076e-03
  -4.94181364555055461368e-03
  -7.86850417827717786567e-03
  -1.02957874211545476889e-02
  -1.19799577303201787437e-02
  -1.27368240333504325473e-02
  -1.24915956382366643423e-02
  -1.12591540345081796842e-02
  -9.14136160504589942444e-03
  -6.33907137975563746840e-03
  -3.11572602943115334675e-03
  +2.24215826847566835527e-04
  +3.36462059050523240936e-03
  +6.00953118991952826844e-03
  +7.91231725834849568268e-03
  +8.89822066384359129654e-03
  +8.88260236395722359293e-03
  +7.87900111015210451171e-03
  +5.99778399783811640850e-03
  +3.43533028929286039441e-03
  +4.54793951541035358557e-04
  -2.63951651045505079549e-03
  -5.53183867007363185703e-03
  -7.92997691265261497873e-03
  -9.58162884410844635508e-03
  -1.03141500026150568364e-02
  -1.00440613360611320087e-02
  -8.78492913616708837043e-03
  -6.64720807002387985979e-03
  -3.82753634213646486487e-03
  -5.89346172752020836839e-04
  +2.76291893433938846869e-03
  +5.91359335167040110759e-03
  +8.56667659194911348952e-03
  +1.04747956529422942690e-02
  +1.14634074430594434107e-02
  +1.14478721989399213899e-02
  +1.04417266419506455516e-02
  +8.55534705121416445828e-03
  +5.98513313261004199078e-03
  +2.99427145357473827036e-03
  -1.13038535819575758704e-04
  -3.02131160339747743132e-03
  -5.43386936227547700379e-03
  -7.10532436384231531890e-03
  -7.86066265960894128284e-03
  -7.61555814205699174030e-03
  -6.38378288429212840949e-03
  -4.27592568645842035363e-03
  -1.48858004358552557800e-03
  +1.71518718357369418480e-03
  +5.03003834513728650263e-03
  +8.14332362863081152260e-03
  +1.07550655565233025529e-02
  +1.26192480142845835089e-02
  +1.35626109173245020662e-02
  +1.34997648093741467318e-02
  +1.24442839886469164973e-02
  +1.05065928644025360222e-02
  +7.88314170150199514109e-03
  +4.83716956006801073603e-03
  +1.67293024402928266516e-03
  -1.29260776866985268273e-03
  -3.76625193373345901540e-03
  -5.49931376724348015134e-03
  -6.32200285044206503754e-03
  -6.14092862718739959660e-03
  -4.97595970873019374098e-03
  -2.93564421862702864749e-03
  -2.17016578321580942343e-04
  +2.91625512868863220883e-03
  +6.16006440522170670149e-03
  +9.19923185288352637801e-03
  +1.17375828650129240133e-02
  +1.35278118652134900918e-02
  +1.43951124498790453132e-02
  +1.42542138657235431531e-02
  +1.31282820558112599263e-02
  +1.11129098094518551781e-02
  +8.40614692049187692269e-03
  +5.27998651157871468770e-03
  +2.03602915916237508370e-03
  -1.00943250766202959577e-03
  -3.56268102372907279410e-03
  -5.37863568242962202665e-03
  -6.27760537034060921158e-03
  -6.17819515711301274485e-03
  -5.09513903423007216698e-03
  -3.13468693746196897312e-03
  -4.95335881472024563109e-04
  +2.55731831074975518581e-03
  +5.72078733696927427960e-03
  +8.68310947435581292897e-03
  +1.11496229901602416507e-02
  +1.28547873056780101453e-02
  +1.36460769368998129786e-02
  +1.34300542187359723406e-02
  +1.22169731810599889454e-02
  +1.01273831991597305924e-02
  +7.35129484993853055119e-03
  +4.15313355765230783623e-03
  +8.37374711061612906488e-04
  -2.27887545146209652414e-03
  -4.90163207079825392898e-03
  -6.78709877672311126529e-03
  -7.75280866080106396271e-03
  -7.71824597278271146844e-03
  -6.69702007443322231556e-03
  -4.79943481274138113168e-03
  -2.22168421211807638749e-03
  +7.73650266432598498340e-04
  +3.88021191107976257811e-03
  +6.78834865259149260186e-03
  +9.19348276180869533603e-03
  +1.08549244541446023027e-02
  +1.15961498120776950599e-02
  +1.13328064141595043907e-02
  +1.00790028540272344482e-02
  +7.94448268188487072283e-03
  +5.12640927388110546892e-03
  +1.88833259821964737427e-03
  -1.46442380005820530289e-03
  -4.61542291009485895065e-03
  -7.27180345717821224882e-03
  -9.18457312399338123010e-03
  -1.01783348490308706014e-02
  -1.01691401701323978768e-02
  -9.17056017387806073071e-03
  -7.29297069362434303985e-03
  -4.73277062320140787244e-03
  -1.75314655403159113528e-03
  +1.34160579940906894356e-03
  +4.23522464562966615559e-03
  +6.63320538257156349510e-03
  +8.28812117744789043916e-03
  +9.03164784230942908894e-03
  +8.76506922007475562653e-03
  +7.51346097991953138645e-03
  +5.38460376364997047455e-03
  +2.57503630258738456724e-03
  -6.52449149674592205825e-04
  -3.99141771905281179250e-03
  -7.13069441283422592731e-03
  -9.77352673683973445506e-03
  -1.16568014101431985385e-02
  -1.26327678421713617690e-02
  -1.25961672330008444404e-02
  -1.15700835185439439984e-02
  -9.66292928441246992688e-03
  -7.07697864690216144057e-03
  -4.05741710728890238313e-03
  -9.25734312635497890581e-04
  +2.00633200700341823852e-03
  +4.44507085022955578113e-03
  +6.14306450486160841168e-03
  +6.92609446435007297671e-03
  +6.70976668570650268408e-03
  +5.50782545267068743972e-03
  +3.43081808196830711707e-03
  +6.75280964120671426884e-04
  -2.49555761011850891010e-03
  -5.77758649246238979724e-03
  -8.85577537389729309292e-03
  -1.14334386359782047560e-02
  -1.32624185518866784944e-02
  -1.41711826232768407785e-02
  -1.40720567211255441487e-02
  -1.29796393146067844809e-02
  -1.10042129929173119335e-02
  -8.34065223115076567750e-03
  -5.25756699960141463818e-03
  -2.05572599179222039942e-03
  +9.49125748734370284186e-04
  +3.46276295034873230622e-03
  +5.23575098579862497489e-03
  +6.09468016905586728454e-03
  +5.95425679657819381663e-03
  +4.82968823526341763802e-03
  +2.83066022361317575287e-03
  +1.53633611613341160632e-04
  -2.93809109771972888983e-03
  -6.14040488094279648945e-03
  -9.13750005785311271433e-03
  -1.16335401540069889592e-02
  -1.33833742814712785413e-02
  -1.42104430350275326433e-02
  -1.40306425316586384083e-02
  -1.28579119027643282158e-02
  -1.08027895183648321026e-02
  -8.06180388534942331258e-03
  -4.89825307652241945938e-03
  -1.61643697004586694120e-03
  +1.46744639188474954895e-03
  +4.05902616266197533573e-03
  +5.91220100245270878403e-03
  +6.84877277189356939435e-03
  +6.78481151759233441084e-03
  +5.73591762288790368157e-03
  +3.81157083180662641791e-03
  +1.20818996789803182607e-03
  -1.81148278204408433138e-03
  -4.94199461734085802173e-03
  -7.87220447428788570876e-03
  -1.03083196818580993120e-02
  -1.19798344864747493416e-02
  -1.27479038255602899338e-02
  -1.24952355224977780523e-02
  -1.12570670485162768748e-02
  -9.14559559936735551322e-03
  -6.34622238361870916884e-03
  -3.11574777293515021992e-03
  +2.24164214475292808458e-04
  +3.36472473144665360639e-03
  +6.01050446327083300047e-03
  +7.91359710847835788605e-03
  +8.89965505552330581052e-03
  +8.88404919245564146657e-03
  +7.88031849409845559784e-03
  +5.99884282501009485217e-03
  +3.43602677882001586798e-03
  +4.55062187351554464729e-04
  -2.63984709170742796319e-03
  -5.53327501130336518731e-03
  -7.92946174528450301033e-03
  -9.58127708739133117366e-03
  -1.03144236874661392178e-02
  -1.00445109312406188895e-02
  -8.78532814110946982944e-03
  -6.64750724706699575028e-03
  -3.82770582256920614828e-03
  -5.89369312870926718127e-04
  +2.76304442933483556874e-03
  +5.91385523117936295900e-03
  +8.56704926068004544992e-03
  +1.04752426764058055586e-02
  +1.14638851139924717593e-02
  +1.14483338156273692365e-02
  +1.04421270796560584915e-02
  +8.55564717924796325210e-03
  +5.98530364464372032635e-03
  +2.99429573627903308428e-03
  -1.13162776623207378792e-04
  -3.02008560568214207143e-03
  -5.43469596310061035110e-03
  -7.10679022352285385405e-03
  -7.86235731722818333156e-03
  -7.61729688756730433791e-03
  -6.38539408761603505260e-03
  -4.27725115062088396406e-03
  -1.48940741993268681471e-03
  +1.71524507669830092969e-03
  +5.03004492962515637605e-03
  +8.14285136654160045244e-03
  +1.07568649448477049457e-02
  +1.26168293654654612573e-02
  +1.35636625302602772947e-02
  +1.35012257472920255141e-02
  +1.24456659061200347605e-02
  +1.05077425256420043526e-02
  +7.88393885004009392636e-03
  +4.83752239158480226017e-03
  +1.67295937470896905266e-03
  -1.29273147422214059431e-03
  -3.76735358495566613132e-03
  -5.50048677922109711252e-03
  -6.31943483878548342009e-03
  -6.13948323756748504804e-03
  -4.97432000778979827721e-03
  -2.93446622477688129349e-03
  -2.15957635693553480494e-04
  +2.91592826603295730489e-03
  +6.16004852461449637496e-03
  +9.19930597288434390157e-03
  +1.17377110842651326966e-02
  +1.35279248369102114702e-02
  +1.43951062290702154478e-02
</dep>
<dep U2.Vt time>
  +0.00000000000000000000e+00
  +1.54508497187473725631e-01
  +2.93892626146236624063e-01
  +4.04508497187473725631e-01
  +4.75528258147576821102e-01
  +5.00000000000000000000e-01
  +4.75528258147576765591e-01
  +4.04508497187473614609e-01
  +2.93892626146236402018e-01
  +1.54508497187473559098e-01
  -1.60812264967663660052e-16
  -1.54508497187473642365e-01
  -2.93892626146236679574e-01
  -4.04508497187473947676e-01
  -4.75528258147576876613e-01
  -5.00000000000000000000e-01
  -4.75528258147576654569e-01
  -4.04508497187473503587e-01
  -2.93892626146236290996e-01
  -1.54508497187473392565e-01
  +3.21624529935327320104e-16
  +1.54508497187473586854e-01
  +2.93892626146236457529e-01
  +4.04508497187473614609e-01
  +4.75528258147576876613e-01
  +5.00000000000000000000e-01
  +4.75528258147576543546e-01
  +4.04508497187473836654e-01
  +2.93892626146235957929e-01
  +1.54508497187473892165e-01
  -7.04481399828022214285e-16
  -1.54508497187473531342e-01
  -2.93892626146237123663e-01
  -4.04508497187474114209e-01
  -4.75528258147576987636e-01
  -5.00000000000000000000e-01
  -4.75528258147576599058e-01
  -4.04508497187473337053e-01
  -2.93892626146236013440e-01
  -1.54508497187473087253e-01
  +6.43249059870654640208e-16
  +1.54508497187474308499e-01
  +2.93892626146236346507e-01
  +4.04508497187474058698e-01
  +4.75528258147576710080e-01
  +5.00000000000000000000e-01
  +4.75528258147576876613e-01
  +4.04508497187473337053e-01
  +2.93892626146236068951e-01
  +1.54508497187472310097e-01
  +3.06161699786838314119e-16
  -1.54508497187474252987e-01
  -2.93892626146237734286e-01
  -4.04508497187474058698e-01
  -4.75528258147576710080e-01
  -5.00000000000000000000e-01
  -4.75528258147576321502e-01
  -4.04508497187473392565e-01
  -2.93892626146236846107e-01
  -1.54508497187473198275e-01
  +1.40896279965604442857e-15
  +1.54508497187474197476e-01
  +2.93892626146236235485e-01
  +4.04508497187474003187e-01
  +4.75528258147577209680e-01
  +5.00000000000000000000e-01
  +4.75528258147576377013e-01
  +4.04508497187473448076e-01
  +2.93892626146235458329e-01
  +1.54508497187473281542e-01
  -1.34773045969867685449e-15
  -1.54508497187474141965e-01
  -2.93892626146237623264e-01
  -4.04508497187473947676e-01
  -4.75528258147577209680e-01
  -5.00000000000000000000e-01
  -4.75528258147576377013e-01
  -4.04508497187473448076e-01
  -2.93892626146235513840e-01
  -1.54508497187473337053e-01
  +1.28649811974130928042e-15
  +1.54508497187474086454e-01
  +2.93892626146237567752e-01
  +4.04508497187475002388e-01
  +4.75528258147576654569e-01
  +5.00000000000000000000e-01
  +4.75528258147576377013e-01
  +4.04508497187472448875e-01
  +2.93892626146237012641e-01
  +1.54508497187473392565e-01
  -1.22526577978394150912e-15
  -1.54508497187475724033e-01
  -2.93892626146236124463e-01
  -4.04508497187473892165e-01
  -4.75528258147577154169e-01
  -5.00000000000000000000e-01
  -4.75528258147576432524e-01
  -4.04508497187473559098e-01
  -2.93892626146234181572e-01
  -1.54508497187473448076e-01
  -6.12323399573676628239e-16
  +1.54508497187473975432e-01
  +2.93892626146237512241e-01
  +4.04508497187474891366e-01
  +4.75528258147577709281e-01
  +5.00000000000000000000e-01
  +4.75528258147576432524e-01
  +4.04508497187474613810e-01
  +2.93892626146237123663e-01
  +1.54508497187473503587e-01
  -1.10280109986920616375e-15
  -1.54508497187475613011e-01
  -2.93892626146238900020e-01
  -4.04508497187475890566e-01
  -4.75528258147577098658e-01
  -5.00000000000000000000e-01
  -4.75528258147576987636e-01
  -4.04508497187473614609e-01
  -2.93892626146235735884e-01
  -1.54508497187471866008e-01
  +2.81792559931208885714e-15
  +1.54508497187473864409e-01
  +2.93892626146237401219e-01
  +4.04508497187474835854e-01
  +4.75528258147576543546e-01
  +5.00000000000000000000e-01
  +4.75528258147576488035e-01
  +4.04508497187472615408e-01
  +2.93892626146234348106e-01
  +1.54508497187473614609e-01
  -9.80336419954470818385e-16
  -1.54508497187475474233e-01
  -2.93892626146238788998e-01
  -4.04508497187473781143e-01
  -4.75528258147577098658e-01
  -5.00000000000000000000e-01
  -4.75528258147575932924e-01
  -4.04508497187473670120e-01
  -2.93892626146235791396e-01
  -1.54508497187471977030e-01
  +2.69546091939735370899e-15
  +1.54508497187473725631e-01
  +2.93892626146237290197e-01
  +4.04508497187474780343e-01
  +4.75528258147577598258e-01
  +5.00000000000000000000e-01
  +4.75528258147576488035e-01
  +4.04508497187472670920e-01
  +2.93892626146234403617e-01
  +1.54508497187470367207e-01
  -8.57871740039735571623e-16
  -1.54508497187475363210e-01
  -2.93892626146238677975e-01
  -4.04508497187473670120e-01
  -4.75528258147577043147e-01
  -5.00000000000000000000e-01
  -4.75528258147575988435e-01
  -4.04508497187471671719e-01
  -2.93892626146235902418e-01
  -1.54508497187472115808e-01
  +2.57299623948261856083e-15
  +1.54508497187473614609e-01
  +2.93892626146237179174e-01
  +4.04508497187474669321e-01
  +4.75528258147577598258e-01
  +5.00000000000000000000e-01
  +4.75528258147575433323e-01
  +4.04508497187472726431e-01
  +2.93892626146237401219e-01
  +1.54508497187473864409e-01
  -7.35407060125000226254e-16
  -1.54508497187475252188e-01
  -2.93892626146238566953e-01
  -4.04508497187475724033e-01
  -4.75528258147578097859e-01
  -5.00000000000000000000e-01
  -4.75528258147577098658e-01
  -4.04508497187473836654e-01
  -2.93892626146236013440e-01
  -1.54508497187472226830e-01
  +2.45053155956788301825e-15
  +1.54508497187476889767e-01
  +2.93892626146239954732e-01
  +4.04508497187476723234e-01
  +4.75528258147576432524e-01
  +5.00000000000000000000e-01
  +4.75528258147576599058e-01
  +4.04508497187472837453e-01
  +2.93892626146234625661e-01
  +1.54508497187470589251e-01
  -4.16565605901076590885e-15
  -1.54508497187478499590e-01
  -2.93892626146238511442e-01
  -4.04508497187473559098e-01
  -4.75528258147576987636e-01
  -5.00000000000000000000e-01
  -4.75528258147574933723e-01
  -4.04508497187473892165e-01
  -2.93892626146236124463e-01
  -1.54508497187472337853e-01
  -1.22464679914735325648e-15
  +1.54508497187473392565e-01
  +2.93892626146237012641e-01
  +4.04508497187474558299e-01
  +4.75528258147577487236e-01
  +5.00000000000000000000e-01
  +4.75528258147575544346e-01
  +4.04508497187470783540e-01
  +2.93892626146231850104e-01
  +1.54508497187467314093e-01
  -7.59590505789653169005e-15
  -1.54508497187475030143e-01
  -2.93892626146238400420e-01
  -4.04508497187475557499e-01
  -4.75528258147575821901e-01
  -5.00000000000000000000e-01
  -4.75528258147577209680e-01
  -4.04508497187473947676e-01
  -2.93892626146236179974e-01
  -1.54508497187472448875e-01
  +2.20560219973841232751e-15
  +1.54508497187476639967e-01
  +2.93892626146239788198e-01
  +4.04508497187476556700e-01
  +4.75528258147578541948e-01
  +5.00000000000000000000e-01
  +4.75528258147574489634e-01
  +4.04508497187472948475e-01
  +2.93892626146234792195e-01
  +1.54508497187470811296e-01
  -3.92072669918129561254e-15
  -1.54508497187471532941e-01
  -2.93892626146235402818e-01
  -4.04508497187473392565e-01
  -4.75528258147576876613e-01
  -5.00000000000000000000e-01
  -4.75528258147576154968e-01
  -4.04508497187471949275e-01
  -2.93892626146233459927e-01
  -1.54508497187469201473e-01
  +5.63585119862417771428e-15
  +1.54508497187479915125e-01
  +2.93892626146236790596e-01
  +4.04508497187474391765e-01
  +4.75528258147577431725e-01
  +5.00000000000000000000e-01
  +4.75528258147575599857e-01
  +4.04508497187470950074e-01
  +2.93892626146237789797e-01
  +1.54508497187474308499e-01
  -2.45548340466058992688e-16
  -1.54508497187474780343e-01
  -2.93892626146238178375e-01
  -4.04508497187475390966e-01
  -4.75528258147577931325e-01
  -5.00000000000000000000e-01
  -4.75528258147575100256e-01
  -4.04508497187469950873e-01
  -2.93892626146236402018e-01
  -1.54508497187472698675e-01
  +1.96067283990894163677e-15
  +1.54508497187476417922e-01
  +2.93892626146239566154e-01
  +4.04508497187476445678e-01
  +4.75528258147578486437e-01
  +5.00000000000000000000e-01
  +4.75528258147576765591e-01
  +4.04508497187473115009e-01
  +2.93892626146235014239e-01
  +1.54508497187471061096e-01
  -3.67579733935182452737e-15
  -1.54508497187478055501e-01
  -2.93892626146240953933e-01
  -4.04508497187477444879e-01
  -4.75528258147576821102e-01
  -5.00000000000000000000e-01
  -4.75528258147576210479e-01
  -4.04508497187472115808e-01
  -2.93892626146233626461e-01
  -1.54508497187469423517e-01
  +5.39092183879470741797e-15
  +1.54508497187479665325e-01
  +2.93892626146236624063e-01
  +4.04508497187474280743e-01
  +4.75528258147577320702e-01
  +5.00000000000000000000e-01
  +4.75528258147575655368e-01
  +4.04508497187471116607e-01
  +2.93892626146232238682e-01
  +1.54508497187474558299e-01
  -6.18980636588357705573e-19
  -1.54508497187474558299e-01
  -2.93892626146238011842e-01
  -4.04508497187475279944e-01
  -4.75528258147577875814e-01
  -5.00000000000000000000e-01
  -4.75528258147575155768e-01
  -4.04508497187470061895e-01
  -2.93892626146230850903e-01
  -1.54508497187472920720e-01
  +1.71574348007947114325e-15
  +1.54508497187476195878e-01
  +2.93892626146239399620e-01
  +4.04508497187476279144e-01
  +4.75528258147578430926e-01
  +5.00000000000000000000e-01
  +4.75528258147576821102e-01
  +4.04508497187473226031e-01
  +2.93892626146235236284e-01
  +1.54508497187471283141e-01
  -3.43086797952235383663e-15
  -1.54508497187477805701e-01
  -2.93892626146240787399e-01
  -4.04508497187477278345e-01
  -4.75528258147578930526e-01
  -5.00000000000000000000e-01
  -4.75528258147576265991e-01
  -4.04508497187472226830e-01
  -2.93892626146233848505e-01
  -1.54508497187469645562e-01
  +5.14599247896523712166e-15
  +1.54508497187472698675e-01
  +2.93892626146236402018e-01
  +4.04508497187474114209e-01
  +4.75528258147577265191e-01
  +5.00000000000000000000e-01
  +4.75528258147575766390e-01
  +4.04508497187471227630e-01
  +2.93892626146232460727e-01
  +1.54508497187468035738e-01
  -6.86111697840811922340e-15
  -1.54508497187481080859e-01
  -2.93892626146243562957e-01
  -4.04508497187475113410e-01
  -4.75528258147577820303e-01
  -5.00000000000000000000e-01
  -4.75528258147577431725e-01
  -4.04508497187474391765e-01
  -2.93892626146236790596e-01
  -1.54508497187473142764e-01
  +1.47081412025000045251e-15
  +1.54508497187475946077e-01
  +2.93892626146239177576e-01
  +4.04508497187476112611e-01
  +4.75528258147578319903e-01
  +5.00000000000000000000e-01
  +4.75528258147574711678e-01
  +4.04508497187469229228e-01
  +2.93892626146229685169e-01
  +1.54508497187464760581e-01
  -3.18593861969288314589e-15
  -1.54508497187477583656e-01
  -2.93892626146234847706e-01
  -4.04508497187472948475e-01
  -4.75528258147576654569e-01
  -5.00000000000000000000e-01
  -4.75528258147576377013e-01
  -4.04508497187472393364e-01
  -2.93892626146234015039e-01
  -1.54508497187469895362e-01
  +4.90106311913576603649e-15
  +1.54508497187479221235e-01
  +2.93892626146241953133e-01
  +4.04508497187478166524e-01
  +4.75528258147579374615e-01
  +5.00000000000000000000e-01
  +4.75528258147573656967e-01
  +4.04508497187471394163e-01
  +2.93892626146238400420e-01
  +1.54508497187475002388e-01
  +4.89239739022352931616e-16
  -1.54508497187474086454e-01
  -2.93892626146237623264e-01
  -4.04508497187475002388e-01
  -4.75528258147577709281e-01
  -5.00000000000000000000e-01
  -4.75528258147575322301e-01
  -4.04508497187470394962e-01
  -2.93892626146231239481e-01
  -1.54508497187466620204e-01
  +8.33131211802153181770e-15
  +1.54508497187482468638e-01
  +2.93892626146244728691e-01
  +4.04508497187476001589e-01
  +4.75528258147578264392e-01
  +5.00000000000000000000e-01
  +4.75528258147576987636e-01
  +4.04508497187473559098e-01
  +2.93892626146235624862e-01
  +1.54508497187471754986e-01
  -2.94100925986341284959e-15
  -1.54508497187477361612e-01
  -2.93892626146246116470e-01
  -4.04508497187477000789e-01
  -4.75528258147576599058e-01
  -5.00000000000000000000e-01
  -4.75528258147576432524e-01
  -4.04508497187468341050e-01
  -2.93892626146234237083e-01
  -1.54508497187470117407e-01
  -2.44929359829470651296e-15
</dep>
<dep Uut.Vt time>
  +0.00000000000000000000e+00
  -2.87869002585511069015e-01
  -6.95244003990823533634e-01
  -1.06328737016401353443e+00
  -1.35995327198471227526e+00
  -1.56765845431031358714e+00
  -1.67818634961147195028e+00
  -1.69269408666782883444e+00
  -1.62173597661733337461e+00
  -1.48411916624196393855e+00
  -1.30512448294960337059e+00
  -1.11390222389986504048e+00
  -9.40741403874644888106e-01
  -8.14053376997367017509e-01
  -7.57514316497540196593e-01
  -7.87832906475241845357e-01
  -9.13031071496536061893e-01
  -1.13165092469867945013e+00
  -1.43295144196654100632e+00
  -1.79790454968434043614e+00
  -2.20103179459050135591e+00
  -2.61291132050970498213e+00
  -3.00304438032205389675e+00
  -3.34283208931517750173e+00
  -3.60835963693131267505e+00
  -3.78273306781334150983e+00
  -3.85772267797559331726e+00
  -3.83452686301480749620e+00
  -3.72375180494412783005e+00
  -3.54427144546669570246e+00
  -3.32133115784390398062e+00
  -3.08419274395585141235e+00
  -2.86318304757632979829e+00
  -2.68673600098778919687e+00
  -2.57860240467693202504e+00
  -2.55551533334448732759e+00
  -2.62556910524156039699e+00
  -2.78737236548926015089e+00
  -3.03022758803428660102e+00
  -3.33514934370905313799e+00
  -3.67672293272056016633e+00
  -4.02558757592449989460e+00
  -4.35130641927478745146e+00
  -4.62534224073247468567e+00
  -4.82384756984833273918e+00
  -4.92999610631933116167e+00
  -4.93562525743888436125e+00
  -4.84203440770765336509e+00
  -4.65988331106165443174e+00
  -4.40807214615219233877e+00
  -4.11196002047787523281e+00
  -3.80086814912340775763e+00
  -3.50519637428224140052e+00
  -3.25345242561772485246e+00
  -3.06946209198464403656e+00
  -2.97003780874320222338e+00
  -2.96333469773612812048e+00
  -3.04806651856678456625e+00
  -3.21356522229698615689e+00
  -3.44096422412862290585e+00
  -3.70491233758253724062e+00
  -3.97612535649659681880e+00
  -4.22424309982789036866e+00
  -4.42080481446385675781e+00
  -4.54203922465579790213e+00
  -4.57120306602961790077e+00
  -4.50018920961819368642e+00
  -4.33039036777985497650e+00
  -4.07257557806404335565e+00
  -3.74564089532540123173e+00
  -3.37499770707124335800e+00
  -2.99015553084523721949e+00
  -2.62153659820327078478e+00
  -2.29771788654078079617e+00
  -2.04259610893546472710e+00
  -1.87305382463723435471e+00
  -1.79731470694505368613e+00
  -1.81416202945813909153e+00
  -1.91299989148571336628e+00
  -2.07501597565799311695e+00
  -2.27492919921596747912e+00
  -2.48351756408887869298e+00
  -2.67048261563295064036e+00
  -2.80742662620562111186e+00
  -2.87063612711072524419e+00
  -2.84341286570121765109e+00
  -2.71772622830526255910e+00
  -2.49502095350347063984e+00
  -2.18605059352635100467e+00
  -1.80986479295326407879e+00
  -1.39194818851422175143e+00
  -9.61736682316753244137e-01
  -5.49747355863012376886e-01
  -1.84602621617178108693e-01
  +1.09783142317350673745e-01
  +3.16427942906862047501e-01
  +4.27110310994553821207e-01
  +4.43023755775092231701e-01
  +3.74705466629731587247e-01
  +2.40960285592409312327e-01
  +6.70771283199765172567e-02
  -1.17859826340618326079e-01
  -2.83482333554740006942e-01
  -4.01434766145963295436e-01
  -4.48030733508680445443e-01
  -4.06580533970250457276e-01
  -2.69074548508332511698e-01
  -3.69558365904005398095e-02
  +2.79005699597339840157e-01
  +6.59731780044825799614e-01
  +1.07971472579991467633e+00
  +1.50957138060437379146e+00
  +1.91883503942250133179e+00
  +2.27877826269973970952e+00
  +2.56549484947843531302e+00
  +2.76208166431938462182e+00
  +2.86029018635376663937e+00
  +2.86132504067677784221e+00
  +2.77574389428593715223e+00
  +2.62236288513421866853e+00
  +2.42649478937033835635e+00
  +2.21726065861262711110e+00
  +2.02502375208868112821e+00
  +1.87817326748023827321e+00
  +1.80042771888841568462e+00
  +1.80850132245977524015e+00
  +1.91045804328943691353e+00
  +2.10487373818584444507e+00
  +2.38101405717798941808e+00
  +2.71982352009429240169e+00
  +3.09596291313293203729e+00
  +3.47993173945259881563e+00
  +3.84124625992094737015e+00
  +4.15143012473522077244e+00
  +4.38655345129329710119e+00
  +4.52975311042971906517e+00
  +4.57283110025455385994e+00
  +4.51704632360643199007e+00
  +4.37299603893458499471e+00
  +4.15957556003367834307e+00
  +3.90210649248288321544e+00
  +3.62986637433634706795e+00
  +3.37321640443371473239e+00
  +3.16062567735625510323e+00
  +3.01588111980181761140e+00
  +2.95575609584749710024e+00
  +2.98836760734775186421e+00
  +3.11238063866656888834e+00
  +3.31709191538144043676e+00
  +3.58361132980279206706e+00
  +3.88654434997123621187e+00
  +4.19655856114120240363e+00
  +4.48325794550772105396e+00
  +4.71814556401700269106e+00
  +4.87741242178956735387e+00
  +4.94427055448027541473e+00
  +4.91059762748763883877e+00
  +4.77773356899830137223e+00
  +4.55635133931843849808e+00
  +4.26541448926507893447e+00
  +3.93032354705425968078e+00
  +3.58043267563029399270e+00
  +3.24617968432198855666e+00
  +2.95611032592433087274e+00
  +2.73408815802763349723e+00
  +2.59696308274279452633e+00
  +2.55292677998628558811e+00
  +2.60071668600345828892e+00
  +2.72975388673055618938e+00
  +2.92114673472103580920e+00
  +3.14960068824409589183e+00
  +3.38586590431508493992e+00
  +3.59961661166842183945e+00
  +3.76242609034574870819e+00
  +3.85055664550136311775e+00
  +3.84729418376550347247e+00
  +3.74457536180642192036e+00
  +3.54384101558449726710e+00
  +3.25578693240897720784e+00
  +2.89945693714397911833e+00
  +2.50032972926045982121e+00
  +2.08781392993668424296e+00
  +1.69240905149862075341e+00
  +1.34272119013495938589e+00
  +1.06267273882823110043e+00
  +8.69170864118936403742e-01
  +7.70462882649461167084e-01
  +7.65355882708810275616e-01
  +8.43284187175173838291e-01
  +9.85442235166546054437e-01
  +1.16652594614493554381e+00
  +1.35743120363280955765e+00
  +1.52780924415586283338e+00
  +1.64929787355622248235e+00
  +1.69819459227651581301e+00
  +1.65781666657649817687e+00
  +1.52015015900980365871e+00
  +1.28664179803072697972e+00
  +9.68060741924870460373e-01
  +5.83465961204810201757e-01
  +1.58346236948673002587e-01
  -2.77863678164499416923e-01
  -6.94536227795801597296e-01
  -1.06320823974503597675e+00
  -1.35992183442696101814e+00
  -1.56765800853355652400e+00
  -1.67818545388726181322e+00
  -1.69269371754539510455e+00
  -1.62173429221290299473e+00
  -1.48414641103857736226e+00
  -1.30512163657352187052e+00
  -1.11389483333446071001e+00
  -9.40759487822766082843e-01
  -8.14056124476253195610e-01
  -7.57509344661327688186e-01
  -7.87831497539939418218e-01
  -9.13029519405043732405e-01
  -1.13163446440862158759e+00
  -1.43287607473174882777e+00
  -1.79791385667111791591e+00
  -2.20103416286399733437e+00
  -2.61291461258076163077e+00
  -3.00309450629558094548e+00
  -3.34286324047880478716e+00
  -3.60838069666058913754e+00
  -3.78274265561201250563e+00
  -3.85771990415911902872e+00
  -3.83452890286286995902e+00
  -3.72375617617440557439e+00
  -3.54429513042165877934e+00
  -3.32134887276859336325e+00
  -3.08420600842391356977e+00
  -2.86319367053435192005e+00
  -2.68674489658098103462e+00
  -2.57860873021359804369e+00
  -2.55551594382271263228e+00
  -2.62556936254704353928e+00
  -2.78732967318247437660e+00
  -3.03019238088064435388e+00
  -3.33510191244637255181e+00
  -3.67666841724777215816e+00
  -4.02553086652697622583e+00
  -4.35124886541269795259e+00
  -4.62529473262920554077e+00
  -4.82381501719721583754e+00
  -4.92998170380013611691e+00
  -4.93562398335370211555e+00
  -4.84203450479830443953e+00
  -4.65988200403451813258e+00
  -4.40807354020180142129e+00
  -4.11196168333933886885e+00
  -3.80086978895943028434e+00
  -3.50519782333326679336e+00
  -3.25345354166723765843e+00
  -3.06946276581797050653e+00
  -2.97003797447489636951e+00
  -2.96333482282610427561e+00
  -3.04806258227812287842e+00
  -3.21358213301376460791e+00
  -3.44098841538089006420e+00
  -3.70487793891521421941e+00
  -3.97612430877103362192e+00
  -4.22424312506636745468e+00
  -4.42080485571072578921e+00
  -4.54203932683077304944e+00
  -4.57120303739989441993e+00
  -4.50018883138019187840e+00
  -4.33042274093189494266e+00
  -4.07260574840576694555e+00
  -3.74556410698476938137e+00
  -3.37502842376366585242e+00
  -2.99016089469081736141e+00
  -2.62153863751465943110e+00
  -2.29771950627542453915e+00
  -2.04266475850641526790e+00
  -1.87305871292636627601e+00
  -1.79731498485859142455e+00
  -1.81416081484262603496e+00
  -1.91301492734976608112e+00
  -2.07503751068349018283e+00
  -2.27495397006205335444e+00
  -2.48354307224070636195e+00
  -2.67050635222908505639e+00
  -2.80744365847478505316e+00
  -2.87064312209669214582e+00
  -2.84341313266948825245e+00
  -2.71772713397252685397e+00
  -2.49502208602693409389e+00
  -2.18605128802693648993e+00
  -1.80985527942686896807e+00
  -1.39195098635583613955e+00
  -9.61740053714351006420e-01
  -5.49750328827620537986e-01
  -1.84602314133306577570e-01
  +1.09784083409601648795e-01
  +3.16428902843463200067e-01
  +4.27110596128220387779e-01
  +4.43024124336961588888e-01
  +3.74713566629044092515e-01
  +2.40967218906216668062e-01
  +6.70414818596095085645e-02
  -1.17877133300081274325e-01
  -2.83496603587330975316e-01
  -4.01446478641154125278e-01
  -4.48033612310197337791e-01
  -4.06581141913991528369e-01
  -2.69075711642624726405e-01
  -3.69565294251598328024e-02
  +2.79005354672870964361e-01
  +6.59730312685789299643e-01
  +1.07975310411449298975e+00
  +1.50963160750787483977e+00
  +1.91884643210079208764e+00
  +2.27877787221206817847e+00
  +2.56549383981661005549e+00
  +2.76208121511644399959e+00
  +2.86029040603150530586e+00
  +2.86132456768715615070e+00
  +2.77574171999774010899e+00
  +2.62238471681043794348e+00
  +2.42647750966070985257e+00
  +2.21724414693047666702e+00
  +2.02500580055404988400e+00
  +1.87815774606952756720e+00
  +1.80042199706647432222e+00
  +1.80850081414370400523e+00
  +1.91045605259974760060e+00
  +2.10483303492972906312e+00
  +2.38087620231025409723e+00
  +2.71982487577660325684e+00
  +3.09584103541863697728e+00
  +3.47989170072573594794e+00
  +3.84126921676687116403e+00
  +4.15138355079768128775e+00
  +4.38647479025080144766e+00
  +4.52975287125118430964e+00
  +4.57283053251845572618e+00
  +4.51704746915678612140e+00
  +4.37300674494145713567e+00
  +4.15958963838511230904e+00
  +3.90212227079136653174e+00
  +3.62988228944983237767e+00
  +3.37323089565712930238e+00
  +3.16063732445514755653e+00
  +3.01588878118661707362e+00
  +2.95575904644141784772e+00
  +2.98836397095398043078e+00
  +3.11236483891304471783e+00
  +3.31709758222249773141e+00
  +3.58361519912669068688e+00
  +3.88654133943788160366e+00
  +4.19655361559423845108e+00
  +4.48325355645335132948e+00
  +4.71814227306953259955e+00
  +4.87741055750480434483e+00
  +4.94427029993897004800e+00
  +4.91059900793259096474e+00
  +4.77773644967290778141e+00
  +4.55635543867447179167e+00
  +4.26541940652317741467e+00
  +3.93032880143452478805e+00
  +3.58043775341384451494e+00
  +3.24618408913674061367e+00
  +2.95611362733269444902e+00
  +2.73409003366000069590e+00
  +2.59696334985254040362e+00
  +2.55292541333745282017e+00
  +2.60073017197832934144e+00
  +2.72974479412148074431e+00
  +2.92113061026454623459e+00
  +3.14958204701028066097e+00
  +3.38584677811446876916e+00
  +3.59959888843185682461e+00
  +3.76241151023995934466e+00
  +3.85054754436154489383e+00
  +3.84729482058986960169e+00
  +3.74457543423577998709e+00
  +3.54383582070150460197e+00
  +3.25580672568054607652e+00
  +2.89943033200696032026e+00
  +2.50034129700274210251e+00
  +2.08783000025377019071e+00
  +1.69242425259081441524e+00
  +1.34273383640859322874e+00
  +1.06268150746214273816e+00
  +8.69174745265624215662e-01
  +7.70463203086940495723e-01
  +7.65354521947731680775e-01
  +8.43272069011728464538e-01
  +9.85429332034792326844e-01
  +1.16655419427315609759e+00
  +1.35744710291863146523e+00
  +1.52782728086622121566e+00
  +1.64931083148858181886e+00
  +1.69820624064542902154e+00
  +1.65781307108728559463e+00
  +1.52014998432313719334e+00
  +1.28664261335072249715e+00
  +9.68062152336646275508e-01
  +5.83467203893467178943e-01
  +1.58346168519779284534e-01
</dep>
<indep V2.I 1>
  +0.00000000000000000000e+00
</indep>
<indep V4.I 1>
  +0.00000000000000000000e+00
</indep>
<indep U1.V 1>
  +0.00000000000000000000e+00
</indep>
<indep _net0.V 1>
  +0.00000000000000000000e+00
</indep>
<indep U2.V 1>
  +0.00000000000000000000e+00
</indep>
<indep Uut.V 1>
  +0.00000000000000000000e+00
</indep>
